"Population","shapeRisk","v_to_h","aImp","aImp_2000","aImp_2001","aImp_2002","aImp_2003","aImp_2004","aImp_2005","aImp_2006","aImp_2007","aImp_2008","aImp_2009","aImp_2010","aImp_2011","aImp_2012","aImp_2013","aImp_2014","aImp_2015","aImp_2016","aImp_2017","aImp_2018","aImp_2019","aImp_2020"
5516,0.99948,54.202,1.83333e-05,1.83333e-05,1.83093120773037e-05,1.82968222522937e-05,1.82968222522937e-05,1.8274224543688e-05,1.8274224543688e-05,1.82446813782506e-05,1.81977822759977e-05,1.81707361022124e-05,1.81226877309259e-05,1.80463997824906e-05,1.79954342481512e-05,1.76021723779216e-05,1.72062160292995e-05,1.71054165823167e-05,1.7034017576629e-05,1.34217525778424e-05,1.27876471475509e-05,1.02290525536987e-05,8.11155918160031e-06,0
5762,0.622031,26.6736,5.038e-07,5.038e-07,5.0314081068578e-07,5.02797589670466e-07,5.02797589670466e-07,5.02176603508916e-07,5.02176603508916e-07,5.01364755846609e-07,5.00075966173447e-07,4.99332735966498e-07,4.9801236432287e-07,4.95915967688236e-07,4.94515432258164e-07,4.83708576415424e-07,4.72827676171835e-07,4.70057702332432e-07,4.68095654088772e-07,3.68830431439894e-07,3.51405182533211e-07,2.8109487525723e-07,2.22906051594107e-07,0
6268,0.308049,27.9647,2.50077e-05,2.50077e-05,2.49749790619031e-05,2.49579422056414e-05,2.49579422056414e-05,2.49271176013694e-05,2.49271176013694e-05,2.48868189852824e-05,2.48228458500907e-05,2.47859532775494e-05,2.47204124717686e-05,2.46163512210344e-05,2.45468312331927e-05,2.40103989011989e-05,2.34702911421247e-05,2.33327947650234e-05,2.32354023198805e-05,1.83080603023411e-05,1.74431031822862e-05,1.39530295989882e-05,1.10646440382095e-05,0
5906,0.441683,28.9798,1.68834e-05,1.68834e-05,1.6861309176523e-05,1.6849807116797e-05,1.6849807116797e-05,1.68289965614975e-05,1.68289965614975e-05,1.68017898349755e-05,1.67585997762858e-05,1.6733692565337e-05,1.66894441282428e-05,1.66191894578554e-05,1.65722545632939e-05,1.62100940433747e-05,1.58454521394989e-05,1.57526244770929e-05,1.56868721044906e-05,1.23602852444865e-05,1.17763284215586e-05,9.42008181206416e-06,7.4700516702738e-06,0
5613,0.101299,4.63013,2.57784e-05,2.57784e-05,2.57446706514139e-05,2.57271087446629e-05,2.57271087446629e-05,2.56953341720806e-05,2.56953341720806e-05,2.56537936127754e-05,2.55878489210115e-05,2.55498193744319e-05,2.54822586988104e-05,2.53749904355983e-05,2.53033279454622e-05,2.47503635694073e-05,2.41936104950934e-05,2.40518766848082e-05,2.39514827498253e-05,1.88722874033945e-05,1.79806735955024e-05,1.43830411519075e-05,1.1405639857907e-05,0
5778,0.389617,23.4425,1.47929e-05,1.47929e-05,1.47735444588997e-05,1.47634665824459e-05,1.47634665824459e-05,1.47452327869135e-05,1.47452327869135e-05,1.47213947930991e-05,1.46835525208559e-05,1.46617293169488e-05,1.4622959714553e-05,1.45614039666838e-05,1.45202805435724e-05,1.42029626837152e-05,1.38834706844826e-05,1.38021369290064e-05,1.37445260051008e-05,1.0829836620181e-05,1.03181852415553e-05,8.25368872606726e-06,6.54511101751977e-06,0
5735,0.0300031,0.363677,0.000227897,0.000227897,0.000227598811696818,0.00022744355357906,0.00022744355357906,0.000227162646704786,0.000227162646704786,0.000226795402467596,0.000226212410605458,0.000225876205892332,0.000225278927733404,0.000224330609940941,0.000223697069204722,0.000218808522110651,0.000213886480580652,0.000212633466035042,0.000211745921555913,0.000166842693199399,0.000158960275672432,0.000127154979727068,0.00010083291075852,0
5627,0.712884,15.5792,9.3794e-06,9.3794e-06,9.36712766920643e-06,9.36073781769585e-06,9.36073781769585e-06,9.34917672677952e-06,9.34917672677952e-06,9.33406230843129e-06,9.31006851355146e-06,9.29623156753508e-06,9.27164980136945e-06,9.2326205385769e-06,9.20654633847206e-06,9.0053517698111e-06,8.8027786937001e-06,8.75120923631761e-06,8.71468117896036e-06,6.86662990997884e-06,6.54221867616515e-06,5.23322999799061e-06,4.14991071917778e-06,0
5308,0.959609,20.8018,2.94138e-05,2.94138e-05,2.93753139685379e-05,2.93552753931107e-05,2.93552753931107e-05,2.93190198100249e-05,2.93190198100249e-05,2.92716209915065e-05,2.91963764466704e-05,2.91529837816026e-05,2.90758953587139e-05,2.89534995839386e-05,2.88717308879618e-05,2.824078468632e-05,2.76055154850796e-05,2.74437936579311e-05,2.73292416638276e-05,2.15337525690487e-05,2.05163988844688e-05,1.64114101664175e-05,1.30141207232607e-05,0
5425,0.958195,81.0273,1.6931e-06,1.6931e-06,1.69088468950396e-06,1.68973124071272e-06,1.68973124071272e-06,1.6876443179852e-06,1.6876443179852e-06,1.68491597483901e-06,1.68058479223553e-06,1.67808704895768e-06,1.67364973012118e-06,1.66660445592091e-06,1.66189773393469e-06,1.62557957667518e-06,1.58901258143417e-06,1.57970364394411e-06,1.57310986887197e-06,1.23951330581755e-06,1.18095298639734e-06,9.44664020043702e-07,7.49111226585912e-07,0
5439,0.857704,28.3827,1.85466e-05,1.85466e-05,1.85223329882193e-05,1.85096978495083e-05,1.85096978495083e-05,1.84868372263566e-05,1.84868372263566e-05,1.84569503389931e-05,1.84095055860112e-05,1.83821447417155e-05,1.83335373484528e-05,1.82563618228e-05,1.82048033265567e-05,1.78069660249034e-05,1.74064028957693e-05,1.73044306909065e-05,1.72322009887313e-05,1.35779088522095e-05,1.29364258800525e-05,1.03480631469745e-05,8.20593365719583e-06,0
5295,0.936516,44.2904,5.8524e-06,5.8524e-06,5.84474251777979e-06,5.84075548588217e-06,5.84075548588217e-06,5.8335417911385e-06,5.8335417911385e-06,5.82411095100575e-06,5.80913970709305e-06,5.80050596262472e-06,5.7851678462945e-06,5.76081502441174e-06,5.74454568429472e-06,5.61900768680752e-06,5.49260955146496e-06,5.46043211022296e-06,5.43763994837064e-06,4.28452405112908e-06,4.0821033947149e-06,3.26534269145577e-06,2.5893913782242e-06,0
5574,0.26799,15.8355,5.05365e-05,5.05365e-05,5.04703762985746e-05,5.04359475791614e-05,5.04359475791614e-05,5.03736560603976e-05,5.03736560603976e-05,5.02922191025053e-05,5.01629397866701e-05,5.00883858895811e-05,4.99559385661031e-05,4.97456476797867e-05,4.96051590756544e-05,4.85211164589482e-05,4.74296464010678e-05,4.71517885548292e-05,4.69549742414792e-05,3.6997616312946e-05,3.52496784578992e-05,2.81968065967388e-05,2.23598485041397e-05,0
5646,0.0898149,8.39024,2.83584e-05,2.83584e-05,2.83212948903367e-05,2.83019753213794e-05,2.83019753213794e-05,2.82670206291132e-05,2.82670206291132e-05,2.8221322533149e-05,2.81487778466317e-05,2.81069421588574e-05,2.80326197546917e-05,2.79146156770347e-05,2.78357809332074e-05,2.72274737860642e-05,2.66149987533771e-05,2.64590796860342e-05,2.63486379454368e-05,2.07610974730946e-05,1.97802475751287e-05,1.5822550437663e-05,1.25471595345898e-05,0
5321,0.620713,2.38559,7.21588e-05,7.21588e-05,7.20643849347222e-05,7.20152257116182e-05,7.20152257116182e-05,7.19262824479538e-05,7.19262824479538e-05,7.18100022711082e-05,7.16254101387783e-05,7.15189579755049e-05,7.13298423872591e-05,7.10295774696743e-05,7.08289800977181e-05,6.92811243029879e-05,6.77226631983887e-05,6.73259224514996e-05,6.70449001275524e-05,5.28272356811929e-05,5.03314336748263e-05,4.02609545151081e-05,3.1926624048767e-05,0
5422,0.281152,7.61634,2.30147e-05,2.30147e-05,2.29845867719135e-05,2.29689076756429e-05,2.29689076756429e-05,2.29405396521966e-05,2.29405396521966e-05,2.29034526526061e-05,2.28445778854546e-05,2.28106254832238e-05,2.27503079817022e-05,2.26545399395682e-05,2.25905603787058e-05,2.20968792648433e-05,2.15998156387295e-05,2.14732770977972e-05,2.13836463877667e-05,1.6848991128344e-05,1.60529671584897e-05,1.28410365732088e-05,1.01828422104464e-05,0
6554,0.405137,43.8277,6.7e-07,6.7e-07,6.69123348867551e-07,6.68666901705463e-07,6.68666901705463e-07,6.67841056671245e-07,6.67841056671245e-07,6.66761386298587e-07,6.65047434172706e-07,6.64059017660885e-07,6.62303064899411e-07,6.5951508207844e-07,6.57652520073382e-07,6.43280560139607e-07,6.28810129089181e-07,6.25126360783504e-07,6.22517046922345e-07,4.90504940581041e-07,4.67331227267272e-07,3.73826054827996e-07,2.96441156347859e-07,0
6604,0.549107,56.1484,3.0174e-06,3.0174e-06,3.01345192966112e-06,3.01139628239711e-06,3.01139628239711e-06,3.00767702149226e-06,3.00767702149226e-06,3.00281463733934e-06,2.99509571324287e-06,2.99064429834321e-06,2.98273622093654e-06,2.97018031143804e-06,2.96179211055138e-06,2.89706680920187e-06,2.83189803509507e-06,2.81530788213156e-06,2.80355662296042e-06,2.20902926523766e-06,2.10466454500935e-06,1.68355632513134e-06,1.33504708233437e-06,0
6669,0.508323,13.7703,1.47559e-05,1.47559e-05,1.47365928709772e-05,1.47265402013069e-05,1.47265402013069e-05,1.47083520121421e-05,1.47083520121421e-05,1.46845736419154e-05,1.46468260207597e-05,1.46250574010481e-05,1.45863847691779e-05,1.45249829845392e-05,1.44839624193296e-05,1.41674382348717e-05,1.38487453489956e-05,1.37676150255005e-05,1.3710148198032e-05,1.08027490339101e-05,1.02923773976614e-05,8.23304460065138e-06,6.52874038649758e-06,0
7194,0.101503,10.5776,3.98406e-05,3.98406e-05,3.97884711834217e-05,3.97613292001294e-05,3.97613292001294e-05,3.97122214961439e-05,3.97122214961439e-05,3.96480204283097e-05,3.95461026953748e-05,3.94873279089854e-05,3.93829126678081e-05,3.92171292224691e-05,3.91063746137844e-05,3.82517663944747e-05,3.73913027298365e-05,3.7172252670793e-05,3.70170935218125e-05,2.91671807995717e-05,2.77891887956186e-05,2.2229036298478e-05,1.76274530352127e-05,0
6989,0.28523,32.7295,8.4405e-06,8.4405e-06,8.42945615838293e-06,8.42370594603726e-06,8.42370594603726e-06,8.41330214751291e-06,8.41330214751291e-06,8.39970071798989e-06,8.37810875841004e-06,8.36565692323388e-06,8.34353584967683e-06,8.30841350788519e-06,8.28494939653639e-06,8.10389487740054e-06,7.92159984265259e-06,7.87519260924354e-06,7.84232109634038e-06,6.17926410593176e-06,5.88732719962598e-06,4.70937136682941e-06,3.7344948957524e-06,0
6462,0.0497764,1.01451,0.000144607,0.000144607,0.000144417791208492,0.000144319275604361,0.000144319275604361,0.000144141032361282,0.000144141032361282,0.000143908005654447,0.000143538081064795,0.000143324749801325,0.000142945760158073,0.000142344026080772,0.000141942026821271,0.000138840107403147,0.000135716934831641,0.000134921862169881,0.000134358690454178,0.00010586634021284,0.00010086472653946,8.06833795679284e-05,6.39812929790969e-05,0
7863,0.198329,23.2116,2.12681e-05,2.12681e-05,2.12402720836567e-05,2.12257828838238e-05,2.12257828838238e-05,2.11995677274473e-05,2.11995677274473e-05,2.1165295283488e-05,2.11108885592963e-05,2.10795128261395e-05,2.10237728575928e-05,2.09352727121679e-05,2.08761486002578e-05,2.04199332553809e-05,1.99605920992263e-05,1.98436566474323e-05,1.9760828068133e-05,1.55703106369726e-05,1.48346974248404e-05,1.18665222637124e-05,9.41005993630136e-06,0
6986,0.0612744,4.13597,1.85892e-05,1.85892e-05,1.85648772489085e-05,1.85522130883331e-05,1.85522130883331e-05,1.85292999562285e-05,1.85292999562285e-05,1.84993444211667e-05,1.84517906915273e-05,1.84243670016444e-05,1.8375647961236e-05,1.82982951698098e-05,1.82466182479823e-05,1.78478671470854e-05,1.74463839577084e-05,1.73441775311593e-05,1.72717819233565e-05,1.36090961812673e-05,1.29661397759952e-05,1.03718317886695e-05,8.22478200534572e-06,0
5681,0.459109,4.32066,1.37629e-05,1.37629e-05,1.37448921464615e-05,1.37355159723614e-05,1.37355159723614e-05,1.37185517594936e-05,1.37185517594936e-05,1.3696373557446e-05,1.36611661668292e-05,1.3640862468903e-05,1.36047923162748e-05,1.35475225718468e-05,1.35092624903253e-05,1.32140388375305e-05,1.29167924263306e-05,1.28411217773542e-05,1.27875221866978e-05,1.00757767861535e-05,9.59975066829364e-06,7.67900091043616e-06,6.08938804582083e-06,0
5785,0.243476,4.66815,1.41701e-05,1.41701e-05,1.41515593519225e-05,1.41419057669501e-05,1.41419057669501e-05,1.41244396375182e-05,1.41244396375182e-05,1.41016052537158e-05,1.40653561895084e-05,1.40444517703828e-05,1.40073144178077e-05,1.39483502456115e-05,1.39089581711818e-05,1.36049997988571e-05,1.32989588212039e-05,1.32210493208035e-05,1.31658638904393e-05,1.03738866545185e-05,9.88377645298503e-06,7.90619787987789e-06,6.26955347696239e-06,0
5572,0.828254,19.9641,3.6181e-05,3.6181e-05,3.61336595304132e-05,3.61090107023961e-05,3.61090107023961e-05,3.60644138379438e-05,3.60644138379438e-05,3.60061100263719e-05,3.59135540534368e-05,3.586017808655e-05,3.57653540166053e-05,3.56147987831046e-05,3.55142176548881e-05,3.47381103677778e-05,3.39566854933965e-05,3.37577565067283e-05,3.36168496637274e-05,2.64879988883025e-05,2.52365837817271e-05,2.01871649100474e-05,1.60082648922715e-05,0
5425,0.958195,81.0273,1.6931e-06,1.6931e-06,1.69088468950396e-06,1.68973124071272e-06,1.68973124071272e-06,1.6876443179852e-06,1.6876443179852e-06,1.68491597483901e-06,1.68058479223553e-06,1.67808704895768e-06,1.67364973012118e-06,1.66660445592091e-06,1.66189773393469e-06,1.62557957667518e-06,1.58901258143417e-06,1.57970364394411e-06,1.57310986887197e-06,1.23951330581755e-06,1.18095298639734e-06,9.44664020043702e-07,7.49111226585912e-07,0
5785,0.243476,4.66815,1.41701e-05,1.41701e-05,1.41515593519225e-05,1.41419057669501e-05,1.41419057669501e-05,1.41244396375182e-05,1.41244396375182e-05,1.41016052537158e-05,1.40653561895084e-05,1.40444517703828e-05,1.40073144178077e-05,1.39483502456115e-05,1.39089581711818e-05,1.36049997988571e-05,1.32989588212039e-05,1.32210493208035e-05,1.31658638904393e-05,1.03738866545185e-05,9.88377645298503e-06,7.90619787987789e-06,6.26955347696239e-06,0
5105,0.298741,1.35594,0.000119013,0.000119013,0.000118857279281752,0.000118776199959212,0.000118776199959212,0.00011862950399644,0.00011862950399644,0.000118437720697841,0.000118133269079397,0.000117957695326679,0.000117645783078916,0.000117150549945375,0.000116819700554468,0.000114266790005814,0.000111696387900434,0.000111042035187951,0.000110578539261745,8.7129051482644e-05,8.30126736578505e-05,6.64032242734989e-05,5.26572408066086e-05,0
5262,0.414354,41.3654,6.933e-06,6.933e-06,6.92392862343094e-06,6.91920541719997e-06,6.91920541719997e-06,6.9106597700026e-06,6.9106597700026e-06,6.89948759881807e-06,6.88175203152145e-06,6.87152413349689e-06,6.85335395365316e-06,6.8245045732087e-06,6.80523122637128e-06,6.65651361708642e-06,6.50677705220193e-06,6.46865829748065e-06,6.4416577407651e-06,5.07562798962442e-06,4.83583193827462e-06,3.86826274346641e-06,3.06750229396971e-06,0
4818,0.822602,24.5008,1.84221e-05,1.84221e-05,1.83979958883178e-05,1.83854455670272e-05,1.83854455670272e-05,1.83627384031393e-05,1.83627384031393e-05,1.83330521410913e-05,1.82859258762284e-05,1.8258748700374e-05,1.8210467599826e-05,1.81338101396377e-05,1.80825977463341e-05,1.76874310551461e-05,1.72895568344684e-05,1.7188269150731e-05,1.71165243135942e-05,1.34867627848925e-05,1.28495859728961e-05,1.02785984546968e-05,8.15084869605358e-06,0
6177,0.488899,31.4072,2.03048e-05,2.03048e-05,2.02782324986356e-05,2.02643995608195e-05,2.02643995608195e-05,2.02393717723855e-05,2.02393717723855e-05,2.02066516365904e-05,2.01547091662537e-05,2.01247545400011e-05,2.00715392121934e-05,1.99870475202781e-05,1.99306013277403e-05,1.94950494291384e-05,1.9056513297209e-05,1.89448742245327e-05,1.8865797215446e-05,1.48650816679253e-05,1.41627867215172e-05,1.13290496687634e-05,8.98384834539107e-06,0
6356,0.57974,21.0703,4.21214e-05,4.21214e-05,4.20662869059547e-05,4.20375910947709e-05,4.20375910947709e-05,4.19856720663764e-05,4.19856720663764e-05,4.19177956072199e-05,4.1810043274272e-05,4.17479037410466e-05,4.16375109221702e-05,4.14622366839684e-05,4.13451415806253e-05,4.04416086356186e-05,3.95318850319657e-05,3.93002947658303e-05,3.91362530451266e-05,3.08369474689407e-05,2.93800679943517e-05,2.35016071430328e-05,1.86365918253593e-05,0
6615,0.22314,7.43616,2.65349e-05,2.65349e-05,2.65001808206949e-05,2.64821035374094e-05,2.64821035374094e-05,2.64493964995012e-05,2.64493964995012e-05,2.64066368795438e-05,2.63387569567602e-05,2.62996113846714e-05,2.62300680549244e-05,2.61196518678257e-05,2.60458863505898e-05,2.54766945302216e-05,2.49036028274157e-05,2.47577096578421e-05,2.46543695348951e-05,1.94261187280953e-05,1.85083393767378e-05,1.48051298242618e-05,1.17403528948878e-05,0
6029,0.293794,10.8194,2.05298e-05,2.05298e-05,2.05029381008672e-05,2.04889518785564e-05,2.04889518785564e-05,2.04636467541035e-05,2.04636467541035e-05,2.04305640424369e-05,2.03780459911624e-05,2.03477594339917e-05,2.02939544205551e-05,2.02085264657522e-05,2.01514547859739e-05,1.97110764829166e-05,1.92676808778732e-05,1.91548047188257e-05,1.90748514476214e-05,1.50298034763294e-05,1.43197263127636e-05,1.14545882692654e-05,9.0833994799855e-06,0
6894,0.39393,32.1224,1.57367e-05,1.57367e-05,1.5716109558394e-05,1.57053887045796e-05,1.57053887045796e-05,1.56859915768931e-05,1.56859915768931e-05,1.56606326981567e-05,1.56203760557397e-05,1.55971605122747e-05,1.55559173752277e-05,1.54904343166325e-05,1.5446687183043e-05,1.5109124165297e-05,1.47692482961757e-05,1.4682725375734e-05,1.46214388243326e-05,1.15207896991667e-05,1.09764945136371e-05,8.78028130897273e-06,6.96269484343188e-06,0
6227,0.233774,13.0948,3.05233e-05,3.05233e-05,3.04833622604312e-05,3.04625678221289e-05,3.04625678221289e-05,3.04249446643185e-05,3.04249446643185e-05,3.0375757943892e-05,3.02976751454981e-05,3.02526456921918e-05,3.01726494639465e-05,3.00456368728431e-05,2.99607838297849e-05,2.93060380915064e-05,2.86468062883997e-05,2.84789842509002e-05,2.83601113109326e-05,2.23460141087124e-05,2.12902854466375e-05,1.70304549542259e-05,1.3505018429183e-05,0
6156,0.15975,9.8786,1.96328e-05,1.96328e-05,1.96071117666371e-05,1.9593736638512e-05,1.9593736638512e-05,1.95695371603212e-05,1.95695371603212e-05,1.95378999177954e-05,1.94876765158596e-05,1.94587132566159e-05,1.94072591232196e-05,1.93255637364621e-05,1.9270985665816e-05,1.88498486285207e-05,1.84258261229583e-05,1.8317881814911e-05,1.82414219086821e-05,1.43731125334917e-05,1.3694060475661e-05,1.09541077152643e-05,8.68652229006904e-06,0
6158,0.196901,10.0975,1.03047e-05,1.03047e-05,1.02912169747395e-05,1.02841967492601e-05,1.02841967492601e-05,1.02714951293734e-05,1.02714951293734e-05,1.02548896378971e-05,1.02285287983873e-05,1.02133268049106e-05,1.01863199893567e-05,1.01434403974533e-05,1.01147939158212e-05,9.89375102697106e-06,9.67119363764968e-06,9.6145367312922e-06,9.57440509465774e-06,7.54403919582904e-06,7.18762402630008e-06,5.74950051818813e-06,4.55930922957879e-06,0
5925,0.716965,18.0761,3.92864e-05,3.92864e-05,3.92349963178361e-05,3.92082318912858e-05,3.92082318912858e-05,3.91598072967302e-05,3.91598072967302e-05,3.90964992935534e-05,3.89959992804218e-05,3.8938042076765e-05,3.88350792968122e-05,3.86716019709947e-05,3.85623880068819e-05,3.77196677580129e-05,3.68711735155958e-05,3.66551705377389e-05,3.65021697197164e-05,2.87614526830493e-05,2.74026291446462e-05,2.19198207767083e-05,1.73822475294695e-05,0
5368,0.0569904,4.25057,9.3166e-06,9.3166e-06,9.30440983889467e-06,9.29806277078973e-06,9.29806277078973e-06,9.2865790874378e-06,9.2865790874378e-06,9.2715658680439e-06,9.24773272419915e-06,9.23398842379015e-06,9.20957124543559e-06,9.17080330401791e-06,9.14490368435174e-06,8.945056218801e-06,8.74383947563025e-06,8.6926153027994e-06,8.6563318199354e-06,6.82065422301094e-06,6.49841509247502e-06,5.19819077971718e-06,4.12212489138876e-06,0
5339,0.0452628,3.91467,3.03217e-05,3.03217e-05,3.02820260408317e-05,3.02613689454366e-05,3.02613689454366e-05,3.02239942806993e-05,3.02239942806993e-05,3.01751324282535e-05,3.00975653503799e-05,3.00528333071762e-05,2.99733654372544e-05,2.98471917376983e-05,2.97628991312076e-05,2.91124778513211e-05,2.84576001361245e-05,2.82908865280137e-05,2.81727987189034e-05,2.21984233683823e-05,2.11496675728807e-05,1.69179723681762e-05,1.34158206125864e-05,0
5425,0.958195,81.0273,1.6931e-06,1.6931e-06,1.69088468950396e-06,1.68973124071272e-06,1.68973124071272e-06,1.6876443179852e-06,1.6876443179852e-06,1.68491597483901e-06,1.68058479223553e-06,1.67808704895768e-06,1.67364973012118e-06,1.66660445592091e-06,1.66189773393469e-06,1.62557957667518e-06,1.58901258143417e-06,1.57970364394411e-06,1.57310986887197e-06,1.23951330581755e-06,1.18095298639734e-06,9.44664020043702e-07,7.49111226585912e-07,0
5592,0.180668,9.60329,2.89072e-05,2.89072e-05,2.88693768214688e-05,2.88496833745973e-05,2.88496833745973e-05,2.88140522289657e-05,2.88140522289657e-05,2.87674697701649e-05,2.86935211777869e-05,2.8650875873622e-05,2.85751151606869e-05,2.84548274338178e-05,2.83744670571123e-05,2.77543877732353e-05,2.71300599456818e-05,2.69711234872252e-05,2.68585444459606e-05,2.11628722662153e-05,2.01630406759112e-05,1.61287530330207e-05,1.27899758131027e-05,0
5408,0.590879,17.9724,1.12791e-05,1.12791e-05,1.12643420361373e-05,1.12566579866061e-05,1.12566579866061e-05,1.12427553168666e-05,1.12427553168666e-05,1.12245796301498e-05,1.11957261414588e-05,1.11790866658192e-05,1.11495261183686e-05,1.11025918839865e-05,1.10712366256115e-05,1.08292921878666e-05,1.05856900403131e-05,1.05236757252436e-05,1.04797492894654e-05,8.25739444075765e-06,7.86727708279147e-06,6.29316635076187e-06,4.99043200979573e-06,0
5437,0.151946,5.47689,8.09427e-05,8.09427e-05,8.08367917766888e-05,8.0781648395037e-05,8.0781648395037e-05,8.06818780564532e-05,8.06818780564532e-05,8.05514430787323e-05,8.03443805224046e-05,8.02249699236115e-05,8.00128332704978e-05,7.96760170658964e-05,7.94510009500652e-05,7.7714724470466e-05,7.5966551695264e-05,7.55215156462551e-05,7.52062844386885e-05,5.92579018715956e-05,5.64582855661591e-05,4.51619256837702e-05,3.58130560983849e-05,0
5614,0.934406,25.7113,8.6556e-06,8.6556e-06,8.64427471411638e-06,8.63837796179374e-06,8.63837796179374e-06,8.62770903003527e-06,8.62770903003527e-06,8.61376097797918e-06,8.5916187630228e-06,8.57884960188889e-06,8.55616478887066e-06,8.52014737975843e-06,8.49608530260771e-06,8.31041674081252e-06,8.12347604976764e-06,8.07588616178761e-06,8.04217694230007e-06,6.33673815476607e-06,6.03736144885761e-06,4.82938626890926e-06,3.82966578042468e-06,0
5168,0.831868,11.6748,1.36292e-05,1.36292e-05,1.36113670841577e-05,1.36020819951106e-05,1.36020819951106e-05,1.35852825814683e-05,1.35852825814683e-05,1.35633198300607e-05,1.35284544624278e-05,1.35083480052294e-05,1.3472628256906e-05,1.34159148606918e-05,1.33780264575883e-05,1.30856707615742e-05,1.2791311957287e-05,1.27163764125232e-05,1.26632975162896e-05,9.97789542711512e-06,9.50649367562851e-06,7.60440308427123e-06,6.03023254939738e-06,0
5682,0.519492,50.5138,5.6596e-06,5.6596e-06,5.65219478395641e-06,5.64833909983916e-06,5.64833909983916e-06,5.64136305124863e-06,5.64136305124863e-06,5.63224289835147e-06,5.61776486334902e-06,5.60941554679633e-06,5.59458272552941e-06,5.57103217691215e-06,5.55529880986166e-06,5.43389650472556e-06,5.31166239790019e-06,5.28054500222436e-06,5.25850369964433e-06,4.14337576374994e-06,3.94762360274903e-06,3.15777005955899e-06,2.50408711711395e-06,0
5367,0.222201,13.0764,4.777e-07,4.777e-07,4.77074960826909e-07,4.76749520812985e-07,4.76749520812985e-07,4.76160705629633e-07,4.76160705629633e-07,4.7539091676841e-07,4.74168894484032e-07,4.73464168263589e-07,4.72212200152908e-07,4.7022441001324e-07,4.68896431103066e-07,4.5864943817715e-07,4.48332236814779e-07,4.45705764994448e-07,4.43845363156424e-07,3.4972270166502e-07,3.3320018994862e-07,2.66532397599005e-07,2.11358119981153e-07,0
5542,0.178766,25.7243,2.59431e-05,2.59431e-05,2.59091551522474e-05,2.58914810412463e-05,2.58914810412463e-05,2.58595034586982e-05,2.58595034586982e-05,2.5817697493855e-05,2.57513314768447e-05,2.5713058956833e-05,2.56450666313312e-05,2.55371130236854e-05,2.54649926768892e-05,2.49084953727729e-05,2.43481851641396e-05,2.42055458066306e-05,2.41045104477777e-05,1.89928637671463e-05,1.80955533762949e-05,1.44749354074749e-05,1.14785112884301e-05,0
5527,0.667652,0.463281,0.000237825,0.000237825,0.000237513821558844,0.000237351799847913,0.000237351799847913,0.000237058655675879,0.000237058655675879,0.000236675412979793,0.000236067023928543,0.00023571617294806,0.000235092875238362,0.000234103245366127,0.000233442105352913,0.000228340595843585,0.000223204132762141,0.000221896532467667,0.000220970323409413,0.000174110951483114,0.000165885147947521,0.000132694300730549,0.000105225549266313,0
6010,0.330497,0.0997859,0.000231602,0.000231602,0.000231298963946899,0.000231141181744461,0.000231141181744461,0.000230855708070409,0.000230855708070409,0.000230482493417202,0.000229890023655622,0.000229548353146711,0.000228941364831095,0.000227977629909748,0.000227333789483635,0.000222365767596199,0.000217363706742258,0.000216090321507733,0.000215188347912401,0.00016955511231112,0.000161544547608291,0.000129222182015334,0.000102472186108175,0
5090,0.29843,25.9229,1.58773e-05,1.58773e-05,1.58565255924997e-05,1.58457089529077e-05,1.58457089529077e-05,1.58261385210244e-05,1.58261385210244e-05,1.58005530726546e-05,1.57599367561049e-05,1.57365137926973e-05,1.56949021676529e-05,1.56288340487821e-05,1.55846960551658e-05,1.52441170709024e-05,1.49012045710264e-05,1.48139086090566e-05,1.47520744911942e-05,1.16237225269961e-05,1.10745643204338e-05,8.85872898555305e-06,7.02490324131622e-06,0
5613,0.101299,4.63013,2.57784e-05,2.57784e-05,2.57446706514139e-05,2.57271087446629e-05,2.57271087446629e-05,2.56953341720806e-05,2.56953341720806e-05,2.56537936127754e-05,2.55878489210115e-05,2.55498193744319e-05,2.54822586988104e-05,2.53749904355983e-05,2.53033279454622e-05,2.47503635694073e-05,2.41936104950934e-05,2.40518766848082e-05,2.39514827498253e-05,1.88722874033945e-05,1.79806735955024e-05,1.43830411519075e-05,1.1405639857907e-05,0
5936,0.269713,1.50298,4.81679e-05,4.81679e-05,4.8104875456593e-05,4.80720603800874e-05,4.80720603800874e-05,4.80126884084103e-05,4.80126884084103e-05,4.79350683270025e-05,4.78118482156529e-05,4.77407885922205e-05,4.76145489548781e-05,4.74141142120091e-05,4.72802101815562e-05,4.62469756608188e-05,4.52066618163504e-05,4.49418269157966e-05,4.47542371111206e-05,3.5263571533453e-05,3.35975579431153e-05,2.68752478005215e-05,2.13118626490269e-05,0
5427,0.699664,45.2234,1.78383e-05,1.78383e-05,1.78149597523941e-05,1.78028071532725e-05,1.78028071532725e-05,1.77808195839085e-05,1.77808195839085e-05,1.77520740853882e-05,1.77064412611985e-05,1.76801253354331e-05,1.76333742725301e-05,1.75591461024475e-05,1.75095566400373e-05,1.71269128596095e-05,1.67416473518381e-05,1.66435694948722e-05,1.65740982658431e-05,1.30593645993534e-05,1.24423800468086e-05,9.95286763259439e-06,7.89254668549257e-06,0
5768,0.563507,0.639967,3.954e-07,3.954e-07,3.94882644988403e-07,3.94613273036329e-07,3.94613273036329e-07,3.94125901205687e-07,3.94125901205687e-07,3.93488734540987e-07,3.92477246972967e-07,3.9189393370614e-07,3.90857659494369e-07,3.89212333513157e-07,3.88113143935844e-07,3.7963154250627e-07,3.7109182842069e-07,3.68917855304176e-07,3.67377970676261e-07,2.89471124635439e-07,2.75795175017133e-07,2.20613167282074e-07,1.74944527193946e-07,0
5819,0.323829,10.2933,7.60204e-05,7.60204e-05,7.59209322839564e-05,7.58691422901642e-05,7.58691422901642e-05,7.57754392008519e-05,7.57754392008519e-05,7.56529362551837e-05,7.54584656190788e-05,7.53463166361008e-05,7.51470804699689e-05,7.48307467845311e-05,7.4619414383562e-05,7.29887246179657e-05,7.13468619961361e-05,7.09288895482184e-05,7.0632828229635e-05,5.56543011715627e-05,5.30249355661924e-05,4.24155316693227e-05,3.36351869880997e-05,0
5697,0.2632,25.7377,2.3884e-06,2.3884e-06,2.385274934978e-06,2.38364780303482e-06,2.38364780303482e-06,2.38070385037851e-06,2.38070385037851e-06,2.37685506721723e-06,2.37074521160909e-06,2.36722172803173e-06,2.36096214956082e-06,2.35102361497932e-06,2.34438399842278e-06,2.29315117886185e-06,2.24156733181582e-06,2.22843552253033e-06,2.21913390279004e-06,1.74854029863248e-06,1.66593119881366e-06,1.33260619306147e-06,1.05674635495706e-06,0
5428,0.610378,38.8486,1.4141e-06,1.4141e-06,1.41224974273672e-06,1.41128636671895e-06,1.41128636671895e-06,1.40954334065494e-06,1.40954334065494e-06,1.4072645915893e-06,1.40364712934869e-06,1.40156098040934e-06,1.39785487175262e-06,1.39197056353302e-06,1.38803944572503e-06,1.35770602999018e-06,1.32716478141046e-06,1.31938983102083e-06,1.31388262097446e-06,1.03525826339649e-06,9.86347893251715e-07,7.88996155421297e-07,6.25667819688818e-07,0
5559,0.74825,2.1089,3.898e-05,3.898e-05,3.89289972221748e-05,3.89024415350432e-05,3.89024415350432e-05,3.88543946105152e-05,3.88543946105152e-05,3.87915803551029e-05,3.86918641553016e-05,3.8634358967793e-05,3.85321992086254e-05,3.83699968648024e-05,3.82616346753141e-05,3.7425486916779e-05,3.65836101968601e-05,3.63692918557328e-05,3.62174843119896e-05,2.85371381848493e-05,2.71889122968332e-05,2.17488651002915e-05,1.72466810066262e-05,0
5657,0.641513,17.0362,8.4359e-06,8.4359e-06,8.42486217718175e-06,8.41911509865241e-06,8.41911509865241e-06,8.4087169701089e-06,8.4087169701089e-06,8.39512295324813e-06,8.37354276110079e-06,8.36109771206785e-06,8.33898869430588e-06,8.30388549388883e-06,8.28043417027917e-06,8.09947832430107e-06,7.91728263878123e-06,7.87090069691577e-06,7.83804709870479e-06,6.17589646007106e-06,5.88411865687161e-06,4.70680479988581e-06,3.7324596281118e-06,0
5844,0.932924,0.0742463,0.000194738,0.000194738,0.000194483198077267,0.000194350530006446,0.000194350530006446,0.000194110495065739,0.000194110495065739,0.000193796684843305,0.000193298518262574,0.000193011231315292,0.000192500857093107,0.000191690519483271,0.000191149158886642,0.000186971895105174,0.000182766010326222,0.000181695309322773,0.000180936902512782,0.000142567091222195,0.000135831564978469,0.000108653937709096,8.6161728216223e-05,0
6017,0.805766,3.91494,9.47584e-05,9.47584e-05,9.46344148378074e-05,9.4569859311294e-05,9.4569859311294e-05,9.44530596783232e-05,9.44530596783232e-05,9.43003614140836e-05,9.4057956397479e-05,9.39181642076376e-05,9.36698190223348e-05,9.32755133636145e-05,9.30120903852561e-05,9.09794576566164e-05,8.89328981138572e-05,8.84119011129368e-05,8.80428646852035e-05,6.93723333754546e-05,6.60948647251986e-05,5.28703863191242e-05,4.19258054771239e-05,0
5383,0.0935747,8.17816,1.74514e-05,1.74514e-05,1.74285659857122e-05,1.74166769677951e-05,1.74166769677951e-05,1.73951662931232e-05,1.73951662931232e-05,1.7367044263957e-05,1.73224011831665e-05,1.72966560310555e-05,1.72509189653516e-05,1.7178300751319e-05,1.71297868489681e-05,1.67554423391348e-05,1.63785329653536e-05,1.62825823471302e-05,1.62146178994935e-05,1.2776116298591e-05,1.21725137007941e-05,9.73699703466462e-06,7.72136297893886e-06,0
4688,0.0795876,1.04985,2.42034e-05,2.42034e-05,2.41717314357924e-05,2.41552425205045e-05,2.41552425205045e-05,2.4125409300055e-05,2.4125409300055e-05,2.40864067718496e-05,2.40244911466502e-05,2.39887851164977e-05,2.39253522402782e-05,2.38246378172796e-05,2.3757353737827e-05,2.32381741929597e-05,2.27154374304434e-05,2.25823632247574e-05,2.24881031245974e-05,1.77192347445659e-05,1.68820964567771e-05,1.35042709483939e-05,1.07087819157459e-05,0
4508,0.799251,0.220171,4.49933e-05,4.49933e-05,4.49344292128394e-05,4.49037768783648e-05,4.49037768783648e-05,4.48483179330244e-05,4.48483179330244e-05,4.47758135554451e-05,4.46607145074072e-05,4.45943382079425e-05,4.44764186416995e-05,4.42891939439999e-05,4.4164115121519e-05,4.31989779500439e-05,4.22272280315646e-05,4.19798475949858e-05,4.18046212646137e-05,3.29394566314104e-05,3.13832449370217e-05,2.51039818398395e-05,1.99072625073226e-05,0
5378,0.625582,3.47262,4.81427e-05,4.81427e-05,4.80797084291431e-05,4.80469105205009e-05,4.80469105205009e-05,4.79875696104579e-05,4.79875696104579e-05,4.79099901375477e-05,4.77868344912632e-05,4.77158120440936e-05,4.75896384515416e-05,4.7389308570116e-05,4.7255474594234e-05,4.62227806307957e-05,4.5183011047316e-05,4.49183147004358e-05,4.4730823037117e-05,3.52451226909118e-05,3.35799807088957e-05,2.68611874772653e-05,2.13007129219524e-05,0
4716,0.420129,33.8014,1.2509e-06,1.2509e-06,1.24926327925137e-06,1.24841108558711e-06,1.24841108558711e-06,1.24686922058218e-06,1.24686922058218e-06,1.24485345988194e-06,1.24165348568155e-06,1.23980809730149e-06,1.23652970728757e-06,1.23132450174914e-06,1.22784707068626e-06,1.20101440698304e-06,1.17399789623531e-06,1.16712024582699e-06,1.16224861790323e-06,9.15780045034067e-07,8.72514376400941e-07,6.97938823857224e-07,5.53460063396324e-07,0
4586,0.984693,17.4198,2.9259e-06,2.9259e-06,2.92207165142025e-06,2.92007833985077e-06,2.92007833985077e-06,2.91647186226029e-06,2.91647186226029e-06,2.91175692562841e-06,2.90427207111331e-06,2.89995564145371e-06,2.8922873695361e-06,2.88011220694524e-06,2.87197837086971e-06,2.80921580733206e-06,2.74602321895826e-06,2.72993614778575e-06,2.71854123520909e-06,2.14204239648667e-06,2.04084244456912e-06,1.63250396092721e-06,1.29456295426597e-06,0
4547,0.766741,54.9172,1.1772e-06,1.1772e-06,1.17565971087594e-06,1.17485772639951e-06,1.17485772639951e-06,1.17340670434834e-06,1.17340670434834e-06,1.1715097073891e-06,1.16849826792255e-06,1.1667616053588e-06,1.16367637014864e-06,1.15877784272051e-06,1.15550529347819e-06,1.13025354536768e-06,1.1048287820355e-06,1.09835634614081e-06,1.09377174274177e-06,8.61824501570152e-07,8.21107941401541e-07,6.56817957826145e-07,5.2085153619806e-07,0
5097,0.796244,24.3441,2.64964e-05,2.64964e-05,2.64617311954242e-05,2.64436801408189e-05,2.64436801408189e-05,2.64110205581851e-05,2.64110205581851e-05,2.63683229789879e-05,2.6300541544498e-05,2.62614527694774e-05,2.61920103414936e-05,2.60817543593779e-05,2.60080958699587e-05,2.54397299010196e-05,2.48674697080576e-05,2.47217882177075e-05,2.46185980329451e-05,1.93979329964351e-05,1.84814852689023e-05,1.47836487748426e-05,1.1723318589635e-05,0
4682,0.288924,21.643,1.74247e-05,1.74247e-05,1.74019009209141e-05,1.7390030092757e-05,1.7390030092757e-05,1.7368552328626e-05,1.7368552328626e-05,1.73404733251298e-05,1.72958985466107e-05,1.72701927836353e-05,1.72245256939593e-05,1.71520185831227e-05,1.71035789052577e-05,1.67298071287532e-05,1.63534744124481e-05,1.62576705951408e-05,1.61898101306086e-05,1.27565693106604e-05,1.21538902026329e-05,9.72209978740505e-06,7.70954957763365e-06,0
4867,0.172402,6.79285,2.86028e-05,2.86028e-05,2.85653751089385e-05,2.85458890389567e-05,2.85458890389567e-05,2.85106330981437e-05,2.85106330981437e-05,2.84645411642108e-05,2.83913712688882e-05,2.83491750303743e-05,2.82742120965744e-05,2.8155191029363e-05,2.80756768673954e-05,2.74621271724794e-05,2.68443736721075e-05,2.66871108540573e-05,2.65757172980753e-05,2.09400219618678e-05,1.99507188466871e-05,1.59589132552749e-05,1.26552941892337e-05,0
5125,0.370306,0.209676,0.000158802,0.000158802,0.000158594217980395,0.000158486031827807,0.000158486031827807,0.000158290291763443,0.000158290291763443,0.000158034390547744,0.00015762815319626,0.000157393880779976,0.000156977688525606,0.000156316886663016,0.000155875426108497,0.000152469014195955,0.000149039262865105,0.00014816614379872,0.000147547689679645,0.000116258456080822,0.000110765870973877,8.86034703862618e-05,7.02618634482877e-05,0
5188,0.215677,13.5199,8.7106e-06,8.7106e-06,8.69920275021745e-06,8.69326852835165e-06,8.69326852835165e-06,8.6825318033441e-06,8.6825318033441e-06,8.66849512163055e-06,8.6462122091116e-06,8.63336190930881e-06,8.61053295091464e-06,8.57428667754099e-06,8.55007170350925e-06,8.36322335395831e-06,8.1750947917078e-06,8.127202504837e-06,8.09327908794295e-06,6.37700348570928e-06,6.07572446005119e-06,4.86007348236529e-06,3.85400050221442e-06,0
5050,0.803924,28.6986,1.039e-06,1.039e-06,1.03764053652744e-06,1.03693270279399e-06,1.03693270279399e-06,1.03565202668869e-06,1.03565202668869e-06,1.03397773188691e-06,1.03131982702305e-06,1.02978704380546e-06,1.02706400661267e-06,1.02274055265597e-06,1.01985219157648e-06,9.97564928335899e-07,9.75124961378596e-07,9.69412371423972e-07,9.65365987690024e-07,7.60648706363734e-07,7.24712156911486e-07,5.79709359651176e-07,4.59705017082725e-07,0
4960,0.848966,16.1821,3.61533e-05,3.61533e-05,3.61059957740496e-05,3.60813658170569e-05,3.60813658170569e-05,3.60368030957501e-05,3.60368030957501e-05,3.59785439212966e-05,3.58860588087703e-05,3.58327237062676e-05,3.57379722331759e-05,3.55875322640395e-05,3.54870281402522e-05,3.47115150371571e-05,3.39306884179103e-05,3.37319117303198e-05,3.35911127649218e-05,2.64677198034456e-05,2.52172627742714e-05,2.01717097134522e-05,1.59960090414792e-05,0
5263,0.20051,6.58154,2.64423e-05,2.64423e-05,2.6407701981732e-05,2.63896877835319e-05,2.63896877835319e-05,2.63570948848031e-05,2.63570948848031e-05,2.63144844849599e-05,2.62468414457089e-05,2.62078324816335e-05,2.61385318402831e-05,2.60285009773772e-05,2.59549928828901e-05,2.53877873960889e-05,2.48166956364401e-05,2.46713115966353e-05,2.45683321042309e-05,1.93583265527255e-05,1.84437500160737e-05,1.47534637157885e-05,1.16993820723836e-05,0
5229,0.460177,26.4129,2.25701e-05,2.25701e-05,2.25405685019038e-05,2.25251922957947e-05,2.25251922957947e-05,2.24973722883219e-05,2.24973722883219e-05,2.24610017386533e-05,2.24032643194349e-05,2.23699678126984e-05,2.23108155299794e-05,2.22168975433114e-05,2.21541539452362e-05,2.16700098065775e-05,2.11825484993369e-05,2.10584544410743e-05,2.09705552249881e-05,1.65235008349376e-05,1.57428545261866e-05,1.25929722986169e-05,9.98612916848779e-06,0
5239,0.698483,15.3888,9.397e-06,9.397e-06,9.38470464075877e-06,9.37830279899439e-06,9.37830279899439e-06,9.36672001423835e-06,9.36672001423835e-06,9.35157723439974e-06,9.32753841629988e-06,9.31367550590946e-06,9.28904761322353e-06,9.24994511386732e-06,9.22382198676055e-06,9.02224988601775e-06,8.81929669112095e-06,8.76763046609342e-06,8.73103386556609e-06,6.87951481588067e-06,6.5544948397471e-06,5.24304990629654e-06,4.1576978301505e-06,0
5177,0.0718191,9.54643,1.44535e-05,1.44535e-05,1.44345885415778e-05,1.44247418862685e-05,1.44247418862685e-05,1.44069264367132e-05,1.44069264367132e-05,1.43836353684577e-05,1.43466613280824e-05,1.43253388235248e-05,1.42874587291397e-05,1.4227315281822e-05,1.41871353714636e-05,1.38770978745938e-05,1.35649361205828e-05,1.34854684411707e-05,1.34291793099882e-05,1.0581362923415e-05,1.00814505870261e-05,8.06432072157678e-06,6.39494366160266e-06,0
6613,0.274197,3.48347,5.15408e-05,5.15408e-05,5.14733622377801e-05,5.14382493245089e-05,5.14382493245089e-05,5.13747199010169e-05,5.13747199010169e-05,5.12916645655794e-05,5.11598161122516e-05,5.10837806230689e-05,5.09487012050262e-05,5.07342312572963e-05,5.05909507561167e-05,4.94853652149903e-05,4.8372204628895e-05,4.80888249789111e-05,4.78880994209182e-05,3.77328612559692e-05,3.5950187042294e-05,2.87571551144459e-05,2.28042005240205e-05,0
6372,0.472855,38.6732,1.66947e-05,1.66947e-05,1.66728560781181e-05,1.66614825729884e-05,1.66614825729884e-05,1.66409046101633e-05,1.66409046101633e-05,1.66140019639388e-05,1.65712946257956e-05,1.65466657942435e-05,1.65029119068301e-05,1.64334424489178e-05,1.63870321296554e-05,1.60289193542727e-05,1.56683529285152e-05,1.55765627692125e-05,1.55115452884395e-05,1.22221385545049e-05,1.16447084176999e-05,9.3147967724432e-06,7.38656145206061e-06,0
6475,0.232161,12.7156,2.80333e-05,2.80333e-05,2.79966202624011e-05,2.79775221725071e-05,2.79775221725071e-05,2.79429681999732e-05,2.79429681999732e-05,2.7897793985857e-05,2.78260809498414e-05,2.77847248653625e-05,2.77112544914099e-05,2.75946032095963e-05,2.7516672225333e-05,2.69153386963607e-05,2.63098850623817e-05,2.61557534473914e-05,2.60465778081913e-05,2.05230927623739e-05,1.95534873035099e-05,1.56411611086711e-05,1.2403319206338e-05,0
6159,0.146293,10.915,1.49287e-05,1.49287e-05,1.49091667734911e-05,1.48989963813289e-05,1.48989963813289e-05,1.48805951981015e-05,1.48805951981015e-05,1.48565383696055e-05,1.48183487022897e-05,1.47963251596329e-05,1.47571996491997e-05,1.46950788146633e-05,1.4653577875253e-05,1.43333470121734e-05,1.40109220509458e-05,1.39288416451175e-05,1.38707018483427e-05,1.09292553827645e-05,1.04129070037387e-05,8.32945824583687e-06,6.6051956578661e-06,0
6268,0.710012,1.21808,6.27878e-05,6.27878e-05,6.27056462746657e-05,6.26628711804512e-05,6.26628711804512e-05,6.25854786538251e-05,6.25854786538251e-05,6.24842993591618e-05,6.23236795333568e-05,6.22310519240121e-05,6.20664960870018e-05,6.18052254783951e-05,6.16306789550201e-05,6.02838375431846e-05,5.89277680943667e-05,5.85825506203023e-05,5.83380236399266e-05,4.59667553853945e-05,4.37950740767344e-05,3.50324112915362e-05,2.77804299052808e-05,0
6207,0.151878,15.5984,2.01159e-05,2.01159e-05,2.00895796619176e-05,2.00758754149506e-05,2.00758754149506e-05,2.00510804655121e-05,2.00510804655121e-05,2.00186647323041e-05,1.99672054941414e-05,1.99375295423352e-05,1.98848092883732e-05,1.98011036411667e-05,1.97451825799166e-05,1.93136827159886e-05,1.8879226381709e-05,1.87686259117685e-05,1.86902845734107e-05,1.47267885585585e-05,1.40310272157996e-05,1.12236530392754e-05,8.90026963728045e-06,0
6420,0.14613,5.14572,0.000105935,0.000105935,0.000105796390988484,0.000105724221242042,0.000105724221242042,0.000105593645281296,0.000105593645281296,0.000105422936503792,0.00010515194020759,0.000104995659755083,0.000104718022656894,0.000104277209283552,0.000103982715991006,0.000101710337519984,9.94223895896454e-05,9.88399418352247e-05,9.8427378157789e-05,7.75546878812726e-05,7.38906471053111e-05,5.91063628629907e-05,4.68708864144933e-05,0
6544,0.198184,0.50107,1.2613e-06,1.2613e-06,1.2596496715323e-06,1.25879039271806e-06,1.25879039271806e-06,1.25723570862603e-06,1.25723570862603e-06,1.2552031888633e-06,1.25197661003289e-06,1.25011587906817e-06,1.24681023247407e-06,1.24156175078438e-06,1.23805540831128e-06,1.21099965746879e-06,1.1837585310749e-06,1.17682369978542e-06,1.17191156907933e-06,9.23393853066967e-07,8.79768473063e-07,7.03741496947092e-07,5.58061538062022e-07,0
3835,0.0737462,3.73807,4.31579e-05,4.31579e-05,4.31014307135685e-05,4.30720287718123e-05,4.30720287718123e-05,4.30188321488238e-05,4.30188321488238e-05,4.29492854234862e-05,4.28388815810182e-05,4.27752129526966e-05,4.266210364869e-05,4.24825163594524e-05,4.23625398448881e-05,4.1436773263357e-05,4.05046636868925e-05,4.02673745762066e-05,4.00992962080147e-05,3.15957659329889e-05,3.01030363780272e-05,2.4079921629345e-05,1.90951907187243e-05,0
3966,0.332317,28.9072,2.58983e-05,2.58983e-05,2.58644137701142e-05,2.58467701797591e-05,2.58467701797591e-05,2.58148478178939e-05,2.58148478178939e-05,2.57731140459354e-05,2.57068626334851e-05,2.56686562046073e-05,2.56007812920663e-05,2.54930141047643e-05,2.54210182994276e-05,2.48654819860651e-05,2.43061393525229e-05,2.41637463126559e-05,2.40628854273268e-05,1.89600658248507e-05,1.80643049599045e-05,1.44499392772416e-05,1.14586895514086e-05,0
3975,0.43534,42.982,1.27078e-05,1.27078e-05,1.269117267573e-05,1.26825153037204e-05,1.26825153037204e-05,1.26668516118908e-05,1.26668516118908e-05,1.2646373648963e-05,1.26138653492237e-05,1.25951181860164e-05,1.25618132658638e-05,1.25089339702036e-05,1.24736070068485e-05,1.22010159733464e-05,1.19265572514022e-05,1.1856687712783e-05,1.18071972072832e-05,9.30334131927725e-06,8.86380861174185e-06,7.0903085664824e-06,5.62255959199601e-06,0
4092,0.200982,5.34023,2.2347e-06,2.2347e-06,2.23177604136465e-06,2.23025361976298e-06,2.23025361976298e-06,2.22749911842273e-06,2.22749911842273e-06,2.22389801486784e-06,2.21818134499365e-06,2.2148846071146e-06,2.20902784944883e-06,2.19972888644879e-06,2.1935165471761e-06,2.14558069812534e-06,2.0973164111576e-06,2.08502966931776e-06,2.07632663396622e-06,1.63601700106933e-06,1.55872402025996e-06,1.24684938018526e-06,9.88741868791882e-07,0
4508,0.799251,0.220171,4.49933e-05,4.49933e-05,4.49344292128394e-05,4.49037768783648e-05,4.49037768783648e-05,4.48483179330244e-05,4.48483179330244e-05,4.47758135554451e-05,4.46607145074072e-05,4.45943382079425e-05,4.44764186416995e-05,4.42891939439999e-05,4.4164115121519e-05,4.31989779500439e-05,4.22272280315646e-05,4.19798475949858e-05,4.18046212646137e-05,3.29394566314104e-05,3.13832449370217e-05,2.51039818398395e-05,1.99072625073226e-05,0
3950,0.269557,12.4508,6.95998e-05,6.95998e-05,6.95087332186743e-05,6.94613173512237e-05,6.94613173512237e-05,6.93755283225483e-05,6.93755283225483e-05,6.92633718419469e-05,6.90853259834828e-05,6.89826489811851e-05,6.88002400841582e-05,6.85106235964821e-05,6.8317140099408e-05,6.68241766113502e-05,6.53209839143003e-05,6.49383129630742e-05,6.46672566602773e-05,5.09537996469438e-05,4.85465073903831e-05,3.88331621653993e-05,3.0794395811313e-05,0
4054,0.146332,12.6772,2.5987e-05,2.5987e-05,2.59529977119717e-05,2.59352936934625e-05,2.59352936934625e-05,2.59032619995756e-05,2.59032619995756e-05,2.58613852921513e-05,2.57949069729046e-05,2.57565696894827e-05,2.56884623097627e-05,2.55803260268245e-05,2.55080836405179e-05,2.49506446512656e-05,2.43893863054337e-05,2.42465055786282e-05,2.41452992513e-05,1.90250028222082e-05,1.81261740343203e-05,1.44994293833062e-05,1.14979348209132e-05,0
3979,0.420996,28.4373,2.94546e-05,2.94546e-05,2.94160605844092e-05,2.93959942133936e-05,2.93959942133936e-05,2.93596883400431e-05,2.93596883400431e-05,2.93122237744334e-05,2.92368748575871e-05,2.91934220023796e-05,2.91162266498301e-05,2.89936610993845e-05,2.89117789817215e-05,2.82799575920718e-05,2.76438072063734e-05,2.74818610542296e-05,2.73671501645954e-05,2.15636221236393e-05,2.05448572636815e-05,1.64341744993085e-05,1.30321726623338e-05,0
3732,0.140637,7.00545,4.08855e-05,4.08855e-05,4.08320040001855e-05,4.08041501636996e-05,4.08041501636996e-05,4.07537545112421e-05,4.07537545112421e-05,4.0687869641061e-05,4.0583278910251e-05,4.05229626366778e-05,4.04158088954401e-05,4.02456774452509e-05,4.01320180738213e-05,3.92549960322208e-05,3.83719649744414e-05,3.81471698862895e-05,3.79879413760351e-05,2.99321488778002e-05,2.85180162573672e-05,2.2812037559209e-05,1.80897685042693e-05,0
4868,0.167424,10.443,2.16283e-05,2.16283e-05,2.16000007855404e-05,2.15852661942631e-05,2.15852661942631e-05,2.15586070537354e-05,2.15586070537354e-05,2.15237541660921e-05,2.14684260007724e-05,2.14365188830969e-05,2.1379834893379e-05,2.12898358951002e-05,2.12297104476166e-05,2.07657685654738e-05,2.02986479328053e-05,2.01797320431849e-05,2.00955006655978e-05,1.58340119498044e-05,1.50859402726936e-05,1.20674956143826e-05,9.56943024154986e-06,0
4960,0.765888,32.6143,2.3142e-05,2.3142e-05,2.31117202081983e-05,2.30959543869669e-05,2.30959543869669e-05,2.30674294529641e-05,2.30674294529641e-05,2.30301373160028e-05,2.29709368979474e-05,2.29367966965794e-05,2.28761455640331e-05,2.27798478051631e-05,2.27155143575197e-05,2.22191025712698e-05,2.17192895632565e-05,2.15920511063461e-05,2.1501924626682e-05,1.69421870670544e-05,1.61417600916705e-05,1.29120635236261e-05,1.02391660301525e-05,0
4695,0.894261,1.0909,0.000113465,0.000113465,0.000113316538476503,0.000113239238808971,0.000113239238808971,0.000113099381336124,0.000113099381336124,0.00011291653835279,0.000112626279281203,0.000112458890207302,0.000112161518296734,0.000111689371325418,0.00011137394505989,0.000108940042919762,0.000106489464622543,0.000105865615710896,0.000105423726461259,8.30673777358625e-05,7.91428920923597e-05,6.33077213597889e-05,5.02025310522535e-05,0
4717,0.26963,21.3724,1.17367e-05,1.17367e-05,1.17213432964982e-05,1.17133475003679e-05,1.17133475003679e-05,1.16988807907961e-05,1.16988807907961e-05,1.16799677053293e-05,1.16499436129176e-05,1.1632629063553e-05,1.16018692265745e-05,1.15530308415374e-05,1.15204034811123e-05,1.12686432092396e-05,1.10151579732552e-05,1.09506276994146e-05,1.09049191412142e-05,8.59240199420524e-06,8.18645733592208e-06,6.54848396671603e-06,5.19289689508645e-06,0
4931,0.050108,3.81447,3.81347e-05,3.81347e-05,3.80848032418797e-05,3.80588234275632e-05,3.80588234275632e-05,3.80118184236432e-05,3.80118184236432e-05,3.79503663254936e-05,3.78528125193222e-05,3.77965543593919e-05,3.76966099836113e-05,3.75379250754279e-05,3.74319127720036e-05,3.66138972787401e-05,3.5790277059369e-05,3.55806063142846e-05,3.54320907899545e-05,2.79182966530983e-05,2.65993076902526e-05,2.12772305269391e-05,1.68726784551921e-05,0
5126,0.491509,35.3574,5.772e-06,5.772e-06,5.76444771591568e-06,5.76051545767751e-06,5.76051545767751e-06,5.75340086433795e-06,5.75340086433795e-06,5.74409958464992e-06,5.72933401499233e-06,5.72081888050541e-06,5.70569147850657e-06,5.68167321456233e-06,5.66562738188591e-06,5.54181401959077e-06,5.41715233597426e-06,5.38541694692894e-06,5.36293790273996e-06,4.22566345825936e-06,4.02602364744283e-06,3.22048356487641e-06,2.55381843946245e-06,0
4561,0.186553,23.4342,2.13507e-05,2.13507e-05,2.13227640069648e-05,2.13082185346908e-05,2.13082185346908e-05,2.12819015651802e-05,2.12819015651802e-05,2.12474960155899e-05,2.11928779892406e-05,2.11613804005556e-05,2.11054239518625e-05,2.10165800939286e-05,2.09572263587026e-05,2.04992391871235e-05,2.00381140643946e-05,1.99207244644483e-05,1.98375741995894e-05,1.56307818430801e-05,1.48923116925602e-05,1.191260887883e-05,9.44660626393469e-06,0
4909,0.313521,23.9165,1.08259e-05,1.08259e-05,1.08117350186645e-05,1.08043597181689e-05,1.08043597181689e-05,1.07910156648018e-05,1.07910156648018e-05,1.07735702864625e-05,1.0745876145687e-05,1.07299052526791e-05,1.07015324631262e-05,1.06564840702582e-05,1.06263886821827e-05,1.03941656955453e-05,1.01603516067262e-05,1.01008290585166e-05,1.00586676093681e-05,7.92560811378552e-06,7.55116587055636e-06,6.04030371188418e-06,4.7899139022482e-06,0
3424,0.16724,10.527,3.8759e-05,3.8759e-05,3.87082863862051e-05,3.86818812585105e-05,3.86818812585105e-05,3.86341067395833e-05,3.86341067395833e-05,3.85716486142492e-05,3.84724977628357e-05,3.84153186052511e-05,3.83137380484123e-05,3.81524553228034e-05,3.80447075007824e-05,3.72133003439568e-05,3.63761967065188e-05,3.61630934591162e-05,3.60121465994973e-05,2.83753447641501e-05,2.70347627427645e-05,2.16255582971318e-05,1.71488996699801e-05,0
3212,0.790134,2.51802,6.52708e-05,6.52708e-05,6.51853974317376e-05,6.51409307579656e-05,6.51409307579656e-05,6.50604776742948e-05,6.50604776742948e-05,6.49552971534594e-05,6.47883254722386e-05,6.46920348208061e-05,6.45209714752783e-05,6.42493686855604e-05,6.40679195629936e-05,6.26678160966572e-05,6.12581196623196e-05,6.08992502528776e-05,6.06450532332224e-05,4.77845520532493e-05,4.5526989654801e-05,3.6417799491742e-05,2.88790319817162e-05,0
3452,0.325301,26.8201,1.8211e-06,1.8211e-06,1.81871720988462e-06,1.81747655924749e-06,1.81747655924749e-06,1.81523186314031e-06,1.81523186314031e-06,1.81229725460949e-06,1.80763863040584e-06,1.80495205531677e-06,1.80017927087808e-06,1.79260136712395e-06,1.78753881239647e-06,1.74847496726901e-06,1.70914347176762e-06,1.69913076958633e-06,1.69203849873176e-06,1.33322171237632e-06,1.27023417608422e-06,1.01608153499592e-06,8.05744760932965e-07,0
3172,0.0801931,7.58971,4.08449e-05,4.08449e-05,4.07914571226272e-05,4.07636309454768e-05,4.07636309454768e-05,4.07132853367632e-05,4.07132853367632e-05,4.06474658913838e-05,4.05429790209563e-05,4.04827226424732e-05,4.03756753067312e-05,4.02057127999786e-05,4.00921662942467e-05,3.92160151505168e-05,3.83338609576637e-05,3.81092890948749e-05,3.79502187012515e-05,2.99024257425949e-05,2.84896973800134e-05,2.27893848161851e-05,1.80718050550936e-05,0
3159,0.261293,1.88658,1.58798e-05,1.58798e-05,1.58590223214133e-05,1.58482039786603e-05,1.58482039786603e-05,1.58286304652657e-05,1.58286304652657e-05,1.58030409882751e-05,1.57624182763817e-05,1.57389916248527e-05,1.56973734477458e-05,1.56312949259541e-05,1.55871499824795e-05,1.52465173714999e-05,1.49035508774782e-05,1.48162411701043e-05,1.47543973159962e-05,1.16255527693117e-05,1.10763080936699e-05,8.86012385889196e-06,7.02600936503394e-06,0
3366,0.244101,6.0041,5.2489e-06,5.2489e-06,5.24203215801625e-06,5.23845626919672e-06,5.23845626919672e-06,5.23198645128612e-06,5.23198645128612e-06,5.22352812021291e-06,5.21010071228226e-06,5.20235728029883e-06,5.18860083186644e-06,5.16675927510675e-06,5.15216763076593e-06,5.03957512256237e-06,4.92621117399433e-06,4.89735187330826e-06,4.87691004118014e-06,3.84270355614303e-06,3.66115653552714e-06,2.92862026744279e-06,2.32237311276758e-06,0
3359,0.0232251,0.170206,1.49178e-05,1.49178e-05,1.48982810354274e-05,1.48881180690474e-05,1.48881180690474e-05,1.48697303212094e-05,1.48697303212094e-05,1.48456910575001e-05,1.4807529273883e-05,1.47855218114351e-05,1.47464248679947e-05,1.46843493901937e-05,1.46428787521652e-05,1.43228817015681e-05,1.40006921548158e-05,1.39186716789495e-05,1.38605743322062e-05,1.09212755262684e-05,1.04053041524294e-05,8.32337659807922e-06,6.60037295845686e-06,0
3350,0.422756,46.0541,9.9296e-06,9.9296e-06,9.9166077685302e-06,9.90984308533518e-06,9.90984308533518e-06,9.89760381540716e-06,9.89760381540716e-06,9.8816027781947e-06,9.85620149606164e-06,9.84155286830675e-06,9.8155291242167e-06,9.77421038657624e-06,9.74660666167261e-06,9.53360992531679e-06,9.31915381761781e-06,9.26455927169535e-06,9.22588846137331e-06,7.26942963879628e-06,6.92598828995985e-06,5.54021372241801e-06,4.39334642697269e-06,0
5457,0.552752,4.09419,7.23632e-05,7.23632e-05,7.2268517490705e-05,7.22192190171534e-05,7.22192190171534e-05,7.21300238091234e-05,7.21300238091234e-05,7.20134142522417e-05,7.18282992366065e-05,7.17215455325345e-05,7.15318942476553e-05,7.12307787872516e-05,7.10296131948868e-05,6.94773728798425e-05,6.79144972138899e-05,6.75166326427595e-05,6.72348142833597e-05,5.29768762929165e-05,5.04740045746075e-05,4.03749993592974e-05,3.20170607239275e-05,0
5773,0.101596,4.12246,4.91398e-05,4.91398e-05,4.90755037890772e-05,4.90420265916808e-05,4.90420265916808e-05,4.89814566516622e-05,4.89814566516622e-05,4.89022704036348e-05,4.87765640384477e-05,4.87040706209737e-05,4.85752838037971e-05,4.83708048213704e-05,4.82341989640328e-05,4.71801165211168e-05,4.6118811912562e-05,4.58486333487004e-05,4.56572584811263e-05,3.59750965360661e-05,3.42754672263706e-05,2.74175187597564e-05,2.17418793055262e-05,0
6304,0.139491,5.26867,1.27713e-05,1.27713e-05,1.27545895901375e-05,1.27458889578373e-05,1.27458889578373e-05,1.27301469956201e-05,1.27301469956201e-05,1.27095667057241e-05,1.26768959642535e-05,1.26580551227649e-05,1.26245837802236e-05,1.25714402503707e-05,1.25359367606167e-05,1.22619836085238e-05,1.19861534352786e-05,1.19159347633946e-05,1.18661969572528e-05,9.34982947409352e-06,8.90810045193807e-06,7.12573834929073e-06,5.650655134426e-06,0
5233,0.295717,19.9204,7.98988e-05,7.98988e-05,7.97942576514906e-05,7.97398254417679e-05,7.97398254417679e-05,7.96413418190515e-05,7.96413418190515e-05,7.95125890322292e-05,7.93081969156391e-05,7.91903263287814e-05,7.8980925554903e-05,7.86484531939834e-05,7.84263390609539e-05,7.67124549529589e-05,7.49868279732398e-05,7.45475314551777e-05,7.42363657143867e-05,5.84936658902933e-05,5.57301556137049e-05,4.45794823723748e-05,3.53511830788154e-05,0
5634,0.140633,6.17232,2.99925e-05,2.99925e-05,2.99532567774777e-05,2.993282395433e-05,2.993282395433e-05,2.98958550630035e-05,2.98958550630035e-05,2.98475236993438e-05,2.97707987603356e-05,2.97265523689464e-05,2.96479472746203e-05,2.9523143431698e-05,2.94397659825387e-05,2.87964062686376e-05,2.81486385025482e-05,2.79837348892526e-05,2.78669291489827e-05,2.1957417060264e-05,2.09200475131547e-05,1.67342954469085e-05,1.32701662414376e-05,0
6018,0.91145,74.4837,2.8219e-06,2.8219e-06,2.81820772861096e-06,2.81628526854126e-06,2.81628526854126e-06,2.81280698182177e-06,2.81280698182177e-06,2.8082596358149e-06,2.80104082759994e-06,2.79687782378694e-06,2.78948211767112e-06,2.77773971659276e-06,2.76989499461952e-06,2.70936330247457e-06,2.64841687056233e-06,2.63290160820145e-06,2.62191172344801e-06,2.06590431615767e-06,1.96830147794853e-06,1.57447723002854e-06,1.24854820760899e-06,0
5931,0.334598,29.2556,2.1931e-06,2.1931e-06,2.19023047224093e-06,2.18873639123918e-06,2.18873639123918e-06,2.18603316624733e-06,2.18603316624733e-06,2.18249909894243e-06,2.1768888475883e-06,2.17365348004789e-06,2.16790574870283e-06,2.1587798903078e-06,2.15268319667602e-06,2.10563969618235e-06,2.05827387179923e-06,2.04621585348403e-06,2.03767482926178e-06,1.60556176893773e-06,1.52970763361172e-06,1.22363868782579e-06,9.7033597012909e-07,0
5846,0.023368,3.38311,3.97046e-05,3.97046e-05,3.96526491305173e-05,3.96255997991862e-05,3.96255997991862e-05,3.95766597294166e-05,3.95766597294166e-05,3.95126778185536e-05,3.94111079923188e-05,3.93525338397289e-05,3.92484750307539e-05,3.90832575043159e-05,3.89728809679188e-05,3.81211900419688e-05,3.72636636588572e-05,3.70453613497981e-05,3.68907318525865e-05,2.9067615617603e-05,2.76943275315763e-05,2.21531551888413e-05,1.7567279904969e-05,0
5282,0.208009,26.0593,2.06498e-05,2.06498e-05,2.06227810887241e-05,2.06087131146828e-05,2.06087131146828e-05,2.05832600776864e-05,2.05832600776864e-05,2.05499839922217e-05,2.04971589644471e-05,2.04666953774533e-05,2.04125758650147e-05,2.0326648570005e-05,2.02692432970318e-05,1.98262909115983e-05,1.93803035875609e-05,1.92667676491152e-05,1.9186347038115e-05,1.51176551074782e-05,1.44034274280951e-05,1.15215421895331e-05,9.13649341843586e-06,0
5527,0.667652,0.463281,0.000237825,0.000237825,0.000237513821558844,0.000237351799847913,0.000237351799847913,0.000237058655675879,0.000237058655675879,0.000236675412979793,0.000236067023928543,0.00023571617294806,0.000235092875238362,0.000234103245366127,0.000233442105352913,0.000228340595843585,0.000223204132762141,0.000221896532467667,0.000220970323409413,0.000174110951483114,0.000165885147947521,0.000132694300730549,0.000105225549266313,0
5614,0.934406,25.7113,8.6556e-06,8.6556e-06,8.64427471411638e-06,8.63837796179374e-06,8.63837796179374e-06,8.62770903003527e-06,8.62770903003527e-06,8.61376097797918e-06,8.5916187630228e-06,8.57884960188889e-06,8.55616478887066e-06,8.52014737975843e-06,8.49608530260771e-06,8.31041674081252e-06,8.12347604976764e-06,8.07588616178761e-06,8.04217694230007e-06,6.33673815476607e-06,6.03736144885761e-06,4.82938626890926e-06,3.82966578042468e-06,0
5324,0.455912,39.9757,2.11868e-05,2.11868e-05,2.11590784593836e-05,2.11446446463482e-05,2.11446446463482e-05,2.11185297007199e-05,2.11185297007199e-05,2.10843882675088e-05,2.10301895198959e-05,2.09989337244442e-05,2.09434068289714e-05,2.08552449865366e-05,2.0796346884016e-05,2.0341875479949e-05,1.98842902134129e-05,1.97678017621611e-05,1.96852898055736e-05,1.55107911568693e-05,1.47779899192033e-05,1.1821160982731e-05,9.37408879300123e-06,0
5572,0.178589,5.37811,5.42951e-05,5.42951e-05,5.4224058416565e-05,5.4187069096699e-05,5.4187069096699e-05,5.41201447105536e-05,5.41201447105536e-05,5.40326509630155e-05,5.38937566315679e-05,5.38136578653724e-05,5.36713599089851e-05,5.34454288551599e-05,5.32944915561735e-05,5.21298243893075e-05,5.0957177373e-05,5.06586541363828e-05,5.04472019617215e-05,3.9749275819913e-05,3.78713368919392e-05,3.02939149693903e-05,2.40228391463025e-05,0
5406,0.200559,17.834,3.44616e-05,3.44616e-05,3.44165092527373e-05,3.43930317907657e-05,3.43930317907657e-05,3.435055426654e-05,3.435055426654e-05,3.42950211792051e-05,3.42068636678897e-05,3.41560242433169e-05,3.40657064199068e-05,3.39223058993349e-05,3.38265046056132e-05,3.30872796288166e-05,3.23429897680892e-05,3.21535143205624e-05,3.20193036779389e-05,2.52292314333248e-05,2.40372863008863e-05,1.92278268224783e-05,1.52475172441752e-05,0
5332,0.211599,15.58,6.10279e-05,6.10279e-05,6.09480489885881e-05,6.09064728516281e-05,6.09064728516281e-05,6.08312495857121e-05,6.08312495857121e-05,6.07329062789426e-05,6.05767885193261e-05,6.04867571998608e-05,6.03268137527981e-05,6.00728663844401e-05,5.99032122832632e-05,5.85941219345432e-05,5.72760622045398e-05,5.69405209451636e-05,5.67028478923465e-05,4.46783380049041e-05,4.25675274694692e-05,3.40504762558768e-05,2.70017630529575e-05,0
5621,0.534904,48.3928,1.759e-07,1.759e-07,1.75669846366869e-07,1.7555001195521e-07,1.7555001195521e-07,1.75333196818615e-07,1.75333196818615e-07,1.75049743059584e-07,1.74599766673103e-07,1.74340270457537e-07,1.73879267337024e-07,1.7314731781731e-07,1.726583257924e-07,1.68885150042622e-07,1.65086121950428e-07,1.64118995316147e-07,1.63433953065135e-07,1.28775849325679e-07,1.2269188489002e-07,9.81432881257381e-08,7.78268647784902e-08,0
6207,0.151878,15.5984,2.01159e-05,2.01159e-05,2.00895796619176e-05,2.00758754149506e-05,2.00758754149506e-05,2.00510804655121e-05,2.00510804655121e-05,2.00186647323041e-05,1.99672054941414e-05,1.99375295423352e-05,1.98848092883732e-05,1.98011036411667e-05,1.97451825799166e-05,1.93136827159886e-05,1.8879226381709e-05,1.87686259117685e-05,1.86902845734107e-05,1.47267885585585e-05,1.40310272157996e-05,1.12236530392754e-05,8.90026963728045e-06,0
5819,0.323829,10.2933,7.60204e-05,7.60204e-05,7.59209322839564e-05,7.58691422901642e-05,7.58691422901642e-05,7.57754392008519e-05,7.57754392008519e-05,7.56529362551837e-05,7.54584656190788e-05,7.53463166361008e-05,7.51470804699689e-05,7.48307467845311e-05,7.4619414383562e-05,7.29887246179657e-05,7.13468619961361e-05,7.09288895482184e-05,7.0632828229635e-05,5.56543011715627e-05,5.30249355661924e-05,4.24155316693227e-05,3.36351869880997e-05,0
5972,0.597133,28.1917,1.70081e-05,1.70081e-05,1.69858460147376e-05,1.69742590013383e-05,1.69742590013383e-05,1.6953294740254e-05,1.6953294740254e-05,1.69258870661269e-05,1.68823780076907e-05,1.68572868332509e-05,1.68127115792771e-05,1.67419380111915e-05,1.66946564577016e-05,1.63298210371798e-05,1.5962485905316e-05,1.58689726221521e-05,1.58027346056118e-05,1.24515777311887e-05,1.18633078305739e-05,9.48965809420902e-06,7.52522512131348e-06,0
5814,0.110543,8.50637,3.63681e-05,3.63681e-05,3.63205147223134e-05,3.62957384297231e-05,3.62957384297231e-05,3.62509109449635e-05,3.62509109449635e-05,3.61923056314114e-05,3.60992710309498e-05,3.60456190450639e-05,3.59503046187586e-05,3.57989708306521e-05,3.56978695750459e-05,3.49177488644974e-05,3.41322830682511e-05,3.39323253755382e-05,3.37906898719053e-05,2.6624974223202e-05,2.53670877707147e-05,2.02915572307314e-05,1.60910471913053e-05,0
5568,0.351916,34.2703,1.8499e-06,1.8499e-06,1.84747952697027e-06,1.84621925591782e-06,1.84621925591782e-06,1.8439390608002e-06,1.8439390608002e-06,1.84095804255784e-06,1.83622574399416e-06,1.83349668174757e-06,1.82864841754839e-06,1.82095067214464e-06,1.81580805505037e-06,1.77612643015263e-06,1.73617292209265e-06,1.72600187285583e-06,1.71879744045022e-06,1.35430610385204e-06,1.29032244376377e-06,1.03215047586016e-06,8.18487306161052e-07,0
6371,0.0884845,2.02931,4.09392e-05,4.09392e-05,4.08856337372514e-05,4.08577433168661e-05,4.08577433168661e-05,4.08072814735455e-05,4.08072814735455e-05,4.07413100685897e-05,4.06365819657959e-05,4.05761864713769e-05,4.04688919918358e-05,4.0298537086904e-05,4.01847284325197e-05,3.93065544890559e-05,3.84223636370266e-05,3.81972732975941e-05,3.8037835652781e-05,2.99714624827394e-05,2.85554725064781e-05,2.28419994385288e-05,1.81135280417258e-05,0
6015,0.0506727,1.85249,0.00016735,0.00016735,0.000167131033482067,0.000167017023881208,0.000167017023881208,0.000166810747513333,0.000166810747513333,0.000166541071637416,0.000166112967326571,0.000165866084485894,0.000165427489419278,0.000164731117889294,0.000164265894379523,0.00016067612199905,0.000157061753885186,0.000156141636533014,0.000155489892242469,0.000122516420606324,0.000116728180422654,9.33728213066644e-05,7.40439216639019e-05,0
5903,0.916117,45.0788,2.00384e-05,2.00384e-05,2.00121810655933e-05,1.9998529616619e-05,1.9998529616619e-05,1.99738301940315e-05,1.99738301940315e-05,1.99415393480681e-05,1.98902783655617e-05,1.98607167455162e-05,1.98081996054931e-05,1.97248164488367e-05,1.96691108331917e-05,1.92392733974649e-05,1.88064908817025e-05,1.86963165192898e-05,1.86182770045503e-05,1.46700510467748e-05,1.39769702454813e-05,1.11804119657691e-05,8.86597980203126e-06,0
4606,0.68549,15.8989,2.40033e-05,2.40033e-05,2.3971893253541e-05,2.39555406592638e-05,2.39555406592638e-05,2.39259540829805e-05,2.39259540829805e-05,2.38872740055834e-05,2.38258702636981e-05,2.37904594307754e-05,2.37275509816418e-05,2.3627669208438e-05,2.35609413956379e-05,2.30460541331329e-05,2.25276390620393e-05,2.23956650384995e-05,2.23021842274494e-05,1.75727421496252e-05,1.67425248469619e-05,1.33926252863475e-05,1.062024777338e-05,0
4503,0.26045,20.4971,6.8211e-06,6.8211e-06,6.81217503725441e-06,6.80752806451214e-06,6.80752806451214e-06,6.79912034576154e-06,6.79912034576154e-06,6.78812849564372e-06,6.7706791839335e-06,6.7606163662189e-06,6.74273945669458e-06,6.71435571099291e-06,6.69539343980977e-06,6.54907616234071e-06,6.40175637541823e-06,6.36425286498561e-06,6.33768810262986e-06,4.99370634357812e-06,4.75778064822804e-06,3.80582821281678e-06,3.01799219636475e-06,0
4294,0.268434,29.9233,8.4409e-06,8.4409e-06,8.42985563500912e-06,8.42410515015768e-06,8.42410515015768e-06,8.41370085859152e-06,8.41370085859152e-06,8.40009878448917e-06,8.37850580165432e-06,8.36605337637875e-06,8.34393125449169e-06,8.3088072482327e-06,8.28534202490658e-06,8.10427892549614e-06,7.92197525168488e-06,7.87556581901116e-06,7.84269274830869e-06,6.17955694470226e-06,5.88760620334375e-06,4.70959454656363e-06,3.73467187554723e-06,0
4494,0.593188,9.59573,3.38137e-05,3.38137e-05,3.37694569874667e-05,3.37464209167135e-05,3.37464209167135e-05,3.37047419969619e-05,3.37047419969619e-05,3.36502529669918e-05,3.35637528729636e-05,3.35138692619102e-05,3.34252494710287e-05,3.32845449714564e-05,3.3190544802993e-05,3.24652177259592e-05,3.17349209880341e-05,3.15490077994406e-05,3.14173204022658e-05,2.47549058348137e-05,2.35853700290259e-05,1.88663314479663e-05,1.4960854221492e-05,0
4339,0.730641,5.9336,5.6318e-06,5.6318e-06,5.62443115843623e-06,5.62059441346989e-06,5.62059441346989e-06,5.61365263128525e-06,5.61365263128525e-06,5.60457727665132e-06,5.59017035787141e-06,5.58186205322772e-06,5.56710209089627e-06,5.54366722276024e-06,5.52801113813324e-06,5.40720516208096e-06,5.2855714701559e-06,5.25460692337394e-06,5.23267388784666e-06,4.12302346920046e-06,3.92823284436391e-06,3.14225906803031e-06,2.49178702137295e-06,0
4706,0.897526,21.4435,2.08302e-05,2.08302e-05,2.08029450471356e-05,2.07887541729927e-05,2.07887541729927e-05,2.07630787741394e-05,2.07630787741394e-05,2.07295119833983e-05,2.06762254676184e-05,2.06454957457907e-05,2.0590903436519e-05,2.05042254667318e-05,2.04463186919889e-05,1.99994966027165e-05,1.95496130611246e-05,1.94350852543172e-05,1.93539620758236e-05,1.5249725392972e-05,1.452925810481e-05,1.16221962496688e-05,9.21631130590624e-06,0
4457,0.137344,7.99631,7.7513e-06,7.7513e-06,7.74115793145828e-06,7.73587724655158e-06,7.73587724655158e-06,7.7263229590684e-06,7.7263229590684e-06,7.71383213972573e-06,7.69400324851178e-06,7.68256815461913e-06,7.66225335366388e-06,7.62999888912629e-06,7.60845071469374e-06,7.44218000867185e-06,7.27477008001339e-06,7.2321521796137e-06,7.20196475493906e-06,5.6747029043669e-06,5.40660379390568e-06,4.32483268475858e-06,3.42955870925248e-06,0
4495,0.311809,33.1636,1.01807e-05,1.01807e-05,1.01673792206207e-05,1.01604434719296e-05,1.01604434719296e-05,1.01478946950044e-05,1.01478946950044e-05,1.01314890231194e-05,1.01054453926598e-05,1.00904263300003e-05,1.00637444967484e-05,1.00213808897253e-05,9.99307912106131e-06,9.77469611733329e-06,9.55481683763915e-06,9.4988417033263e-06,9.45919298448107e-06,7.45325917697524e-06,7.10113287379092e-06,5.68031480057818e-06,4.50444549318008e-06,0
6581,0.52527,1.7995,5.96026e-05,5.96026e-05,5.95246139003181e-05,5.94840087695374e-05,5.94840087695374e-05,5.94105423348561e-05,5.94105423348561e-05,5.93144958253734e-05,5.91620241791375e-05,5.9074095531395e-05,5.89178875462293e-05,5.86698710911768e-05,5.85041792431728e-05,5.72256625578761e-05,5.59383859702251e-05,5.56106812406491e-05,5.53785590162593e-05,4.36348802559337e-05,4.15733674721198e-05,3.32552310678972e-05,2.63711397990133e-05,0
6265,0.747467,7.78627,2.77678e-05,2.77678e-05,2.77314676517677e-05,2.77125504375776e-05,2.77125504375776e-05,2.7678323721546e-05,2.7678323721546e-05,2.76335773469581e-05,2.7562543496449e-05,2.75215790904536e-05,2.74488045455431e-05,2.73332580539369e-05,2.72560651446174e-05,2.66604267729024e-05,2.60607073171979e-05,2.59080354641257e-05,2.57998938142243e-05,2.03287210284571e-05,1.9368298585839e-05,1.54930255600788e-05,1.22858488675165e-05,0
6402,0.222749,9.40769,2.07581e-05,2.07581e-05,2.07309393852649e-05,2.07167976302868e-05,2.07167976302868e-05,2.069121110222e-05,2.069121110222e-05,2.06577604969025e-05,2.06046584228365e-05,2.05740350664275e-05,2.05196317186395e-05,2.04332537690932e-05,2.03755474282616e-05,1.99302719334836e-05,1.94819455830539e-05,1.93678141937016e-05,1.92869718085354e-05,1.519694120459e-05,1.44789676846817e-05,1.15819681025747e-05,9.18441069788731e-06,0
6308,0.197764,11.2913,1.36107e-05,1.36107e-05,1.35928912901964e-05,1.35836188045411e-05,1.35836188045411e-05,1.35668421940826e-05,1.35668421940826e-05,1.35449092544689e-05,1.35100912123798e-05,1.34900120472791e-05,1.34543407842185e-05,1.33977043696194e-05,1.33598673954668e-05,1.30679085371525e-05,1.27739492895435e-05,1.26991154607702e-05,1.26461086127552e-05,9.96435163397967e-06,9.49358975368158e-06,7.59408102156329e-06,6.02204723388628e-06,0
6574,0.548978,22.5163,1.06471e-05,1.06471e-05,1.06331689667578e-05,1.06259154763407e-05,1.06259154763407e-05,1.06127918126633e-05,1.06127918126633e-05,1.05956345612831e-05,1.05683978154929e-05,1.05526906969212e-05,1.05247865108814e-05,1.04804821349214e-05,1.04508838007064e-05,1.02224961968096e-05,9.99254376929167e-06,9.93400429238515e-06,9.89253917953268e-06,7.79470918337374e-06,7.42645120871249e-06,5.94054237068531e-06,4.71080393395715e-06,0
5988,0.0962539,0.546491,7.0666e-06,7.0666e-06,7.05735381657826e-06,7.05253959342064e-06,7.05253959342064e-06,7.04382927025824e-06,7.04382927025824e-06,7.0324418095785e-06,7.01436447511171e-06,7.00393948388419e-06,6.98541916181817e-06,6.95601384927688e-06,6.93636910201576e-06,6.78478568101873e-06,6.63216366898747e-06,6.59331035986972e-06,6.56578949818126e-06,5.17343613897013e-06,4.9290191800103e-06,3.94280477469779e-06,3.12661354544445e-06,0
6378,0.2254,0.204886,4.952e-06,4.952e-06,4.94552063222704e-06,4.94214701081411e-06,4.94214701081411e-06,4.93604315318807e-06,4.93604315318807e-06,4.9280632611203e-06,4.91539536421379e-06,4.90808993351746e-06,4.89511160803266e-06,4.87450550216782e-06,4.86073922299013e-06,4.75451542359901e-06,4.64756381977556e-06,4.62033692328345e-06,4.60105136770067e-06,3.62534397874226e-06,3.45406602601124e-06,2.76296510971379e-06,2.19100986005164e-06,0
6320,0.787822,63.2874,2.6972e-06,2.6972e-06,2.69367089039636e-06,2.69183338399996e-06,2.69183338399996e-06,2.6885088030652e-06,2.6885088030652e-06,2.68416240466351e-06,2.67726259619496e-06,2.67328355587304e-06,2.66621466663685e-06,2.65499116325667e-06,2.64749310021183e-06,2.58963630866948e-06,2.53138310474528e-06,2.51655346314219e-06,2.50604922232679e-06,1.9746118294555e-06,1.88132206893326e-06,1.50490094788369e-06,1.19337475656932e-06,0
6922,0.189693,14.3782,2.40649e-05,2.40649e-05,2.40334126539742e-05,2.40170180938087e-05,2.40170180938087e-05,2.39873555890863e-05,2.39873555890863e-05,2.39485762464729e-05,2.38870149233175e-05,2.38515132150857e-05,2.37884433231311e-05,2.36883052219544e-05,2.36214061646477e-05,2.31051975398562e-05,2.25854520530123e-05,2.24531393427149e-05,2.23594186305695e-05,1.76178393202816e-05,1.67854914194988e-05,1.34269949654183e-05,1.06475026617845e-05,0
2581,0.985364,7.04513,1.15082e-05,1.15082e-05,1.14931422737874e-05,1.14853021465773e-05,1.14853021465773e-05,1.14711170871403e-05,1.14711170871403e-05,1.1452572217614e-05,1.14231326596214e-05,1.14061552045448e-05,1.13759942260827e-05,1.13281066680225e-05,1.12961145246395e-05,1.10492557346248e-05,1.08007055635584e-05,1.07374316196548e-05,1.0692612954316e-05,8.42511784655932e-06,8.0270764621451e-06,6.42099254353962e-06,5.09179718728722e-06,0
2536,0.48571,40.4785,9.1087e-06,9.1087e-06,9.09678186243263e-06,9.09057642920082e-06,9.09057642920082e-06,9.07934900433041e-06,9.07934900433041e-06,9.0646708050417e-06,9.04136949798347e-06,9.02793190174284e-06,9.00405959290934e-06,8.96615675839984e-06,8.9408350889439e-06,8.74544722110992e-06,8.54872063109646e-06,8.4986395260727e-06,8.46316570940532e-06,6.66845127204557e-06,6.35340291016328e-06,5.08219311285338e-06,4.0301396430235e-06,0
2581,0.985364,7.04513,1.15082e-05,1.15082e-05,1.14931422737874e-05,1.14853021465773e-05,1.14853021465773e-05,1.14711170871403e-05,1.14711170871403e-05,1.1452572217614e-05,1.14231326596214e-05,1.14061552045448e-05,1.13759942260827e-05,1.13281066680225e-05,1.12961145246395e-05,1.10492557346248e-05,1.08007055635584e-05,1.07374316196548e-05,1.0692612954316e-05,8.42511784655932e-06,8.0270764621451e-06,6.42099254353962e-06,5.09179718728722e-06,0
2598,0.758884,9.91641,4.89083e-05,4.89083e-05,4.88443066916699e-05,4.8810987206987e-05,4.8810987206987e-05,4.87507026149168e-05,4.87507026149168e-05,4.86718894171749e-05,4.85467752608193e-05,4.84746233633789e-05,4.83464432671938e-05,4.81429275952492e-05,4.80069652947835e-05,4.6957848685785e-05,4.5901543935123e-05,4.56326381956834e-05,4.54421649044659e-05,3.58056160976414e-05,3.41139938247103e-05,2.72883534885732e-05,2.16394522492657e-05,0
2624,0.98024,30.1723,5.86347e-05,5.86347e-05,5.85579803340958e-05,5.85180345991483e-05,5.85180345991483e-05,5.84457612023903e-05,5.84457612023903e-05,5.8351274413734e-05,5.82012787887856e-05,5.81147780340906e-05,5.79611067454589e-05,5.77171178852907e-05,5.75541167443981e-05,5.62963621785341e-05,5.50299899643364e-05,5.47076069054217e-05,5.44792541659367e-05,4.29262836410257e-05,4.08982482260422e-05,3.27151919060046e-05,2.59428929404624e-05,0
2496,0.871736,61.695,2.34097e-05,2.34097e-05,2.33790699402757e-05,2.33631217445588e-05,2.33631217445588e-05,2.33342668423237e-05,2.33342668423237e-05,2.32965433206478e-05,2.32366580891833e-05,2.32021229637851e-05,2.31407702363817e-05,2.30433585327338e-05,2.29782808942714e-05,2.2476126759254e-05,2.19705320581179e-05,2.18418217433337e-05,2.17506527064747e-05,1.7138169414209e-05,1.6328483329789e-05,1.30614265607566e-05,1.03576097578455e-05,0
2458,0.451662,25.7884,6.83378e-05,6.83378e-05,6.82483844630462e-05,6.82018283512949e-05,6.82018283512949e-05,6.81175948695347e-05,6.81175948695347e-05,6.80074720367098e-05,6.78326545477724e-05,6.77318393091135e-05,6.75527378932581e-05,6.72683728000896e-05,6.70783975914489e-05,6.56125048697141e-05,6.41365684174189e-05,6.37608361461955e-05,6.34946947002535e-05,5.00298933260285e-05,4.7666250660814e-05,3.81290301039174e-05,3.02360245586101e-05,0
2689,0.641124,1.84694,0.000161102,0.000161102,0.000160891208580985,0.000160781455520229,0.000160781455520229,0.000160582880465449,0.000160582880465449,0.000160323272918619,0.000159911151850882,0.000159673486362991,0.000159251266211082,0.000158580893661195,0.000158133039237107,0.000154677290745688,0.000151197864800784,0.000150312099962603,0.000149684688497438,0.000117942279011175,0.000112370142351063,8.98867538580594e-05,7.12794972685863e-05,0
5159,0.891178,12.1921,4.4895e-05,4.4895e-05,4.48362578319533e-05,4.48056724657713e-05,4.48056724657713e-05,4.47503346854561e-05,4.47503346854561e-05,4.46779887132464e-05,4.45631411301248e-05,4.44969098475902e-05,4.43792479084463e-05,4.41924322535994e-05,4.4067626699544e-05,4.31045981305488e-05,4.21349712618788e-05,4.18881312945902e-05,4.1713287793401e-05,3.2867491503561e-05,3.13146797733794e-05,2.50491354201536e-05,1.9863769722742e-05,0
5168,0.831868,11.6748,1.36292e-05,1.36292e-05,1.36113670841577e-05,1.36020819951106e-05,1.36020819951106e-05,1.35852825814683e-05,1.35852825814683e-05,1.35633198300607e-05,1.35284544624278e-05,1.35083480052294e-05,1.3472628256906e-05,1.34159148606918e-05,1.33780264575883e-05,1.30856707615742e-05,1.2791311957287e-05,1.27163764125232e-05,1.26632975162896e-05,9.97789542711512e-06,9.50649367562851e-06,7.60440308427123e-06,6.03023254939738e-06,0
4897,0.123658,4.38654,2.7486e-05,2.7486e-05,2.74500363686172e-05,2.74313111347408e-05,2.74313111347408e-05,2.73974317666655e-05,2.73974317666655e-05,2.73531394982134e-05,2.72828265308522e-05,2.72422778498912e-05,2.71702418534705e-05,2.70558679791164e-05,2.69794584578164e-05,2.63898648895481e-05,2.57962316539481e-05,2.5645109182829e-05,2.55380650025486e-05,2.01224161146426e-05,1.9171740466669e-05,1.53357954373169e-05,1.21611666020556e-05,0
5179,0.295364,33.0676,2.2727e-06,2.2727e-06,2.26972632085266e-06,2.26817801120299e-06,2.26817801120299e-06,2.26537667089066e-06,2.26537667089066e-06,2.2617143322997e-06,2.25590045320046e-06,2.25254765587745e-06,2.24659130686103e-06,2.2371342194622e-06,2.23081624234444e-06,2.18206526720789e-06,2.13298026922535e-06,2.12048459724279e-06,2.11163357095584e-06,1.66383668426647e-06,1.58522937344825e-06,1.2680514549367e-06,1.00555494930116e-06,0
5024,0.066648,9.37648,3.10456e-05,3.10456e-05,3.10049788650783e-05,3.09838286023688e-05,3.09838286023688e-05,3.09455616552132e-05,3.09455616552132e-05,3.08955332753305e-05,3.08161143617196e-05,3.07703143861086e-05,3.06889493009569e-05,3.05597633316036e-05,3.04734583241645e-05,2.98075088923436e-05,2.91369966323151e-05,2.89663029049856e-05,2.88453958685557e-05,2.27283883332877e-05,2.16545945511176e-05,1.73218718921911e-05,1.37361097962882e-05,0
5177,0.513574,40.3205,1.48859e-05,1.48859e-05,1.48664227744888e-05,1.48562815404438e-05,1.48562815404438e-05,1.48379331126903e-05,1.48379331126903e-05,1.48139452541823e-05,1.47758650751515e-05,1.47539046731316e-05,1.47148913340092e-05,1.46529485974798e-05,1.46115666396423e-05,1.42922538659436e-05,1.39707532844905e-05,1.38889081999808e-05,1.38309350877333e-05,1.08979216343214e-05,1.03830536059371e-05,8.30557801427472e-06,6.5862588198188e-06,0
5094,0.112489,10.4996,3.94012e-05,3.94012e-05,3.93496461095525e-05,3.93228034738467e-05,3.93228034738467e-05,3.92742373762912e-05,3.92742373762912e-05,3.92107443788476e-05,3.91099506915308e-05,3.90518241293434e-05,3.89485604786786e-05,3.87846054507299e-05,3.86750723491274e-05,3.78298895614518e-05,3.69789159078637e-05,3.67622817410493e-05,3.66088338346219e-05,2.88454974101817e-05,2.74827032116466e-05,2.19838733604311e-05,1.7433040730587e-05,0
5447,0.285089,6.52045,8.67446e-05,8.67446e-05,8.66311003704122e-05,8.6572004360716e-05,8.6572004360716e-05,8.64650825739172e-05,8.64650825739172e-05,8.63252981342036e-05,8.6103393519907e-05,8.59754236766961e-05,8.57480812589156e-05,8.53871223714351e-05,8.51459773026231e-05,8.32852460852033e-05,8.14117658564021e-05,8.09348300233146e-05,8.05970033260598e-05,6.35054550279496e-05,6.05051647415054e-05,4.839909193378e-05,3.83801037775112e-05,0
4782,0.212123,26.5938,1.3956e-05,1.3956e-05,1.39377394877545e-05,1.39282317614947e-05,1.39282317614947e-05,1.39110295326924e-05,1.39110295326924e-05,1.38885401599747e-05,1.38528387930064e-05,1.383225022459e-05,1.3795673990651e-05,1.3737600724607e-05,1.3698803836036e-05,1.33994380556841e-05,1.30980211366696e-05,1.30212887926785e-05,1.29669371744004e-05,1.02171447026105e-05,9.73443971304783e-06,7.7867409271336e-06,6.1748250417772e-06,0
4820,0.112056,2.12507,4.3425e-06,4.3425e-06,4.33681812307066e-06,4.33385973232235e-06,4.33385973232235e-06,4.32850714715654e-06,4.32850714715654e-06,4.32150943283823e-06,4.31040072073877e-06,4.3039944540185e-06,4.29261352138163e-06,4.27454364765019e-06,4.26247174390845e-06,4.16932213791977e-06,4.07553430682055e-06,4.05165853985428e-06,4.0347466809855e-06,3.17913090219877e-06,3.02893411105691e-06,2.42289498968742e-06,1.92133689767251e-06,0
4607,0.636892,33.9846,3.64779e-05,3.64779e-05,3.64301710562025e-05,3.64053199607787e-05,3.64053199607787e-05,3.63603571360418e-05,3.63603571360418e-05,3.63015748854645e-05,3.62082594015053e-05,3.61544454333313e-05,3.60588432404391e-05,3.59070525560435e-05,3.58056460626639e-05,3.50231700667412e-05,3.42353328476153e-05,3.40347714567531e-05,3.38927083372069e-05,2.67053584657032e-05,2.5443674291243e-05,2.03528200677764e-05,1.61396281449874e-05,0
4866,0.554481,52.1646,5.8185e-06,5.8185e-06,5.81088687371022e-06,5.80692293667647e-06,5.80692293667647e-06,5.79975102722633e-06,5.79975102722633e-06,5.79037481519154e-06,5.77549029214013e-06,5.7669065585968e-06,5.75165728823466e-06,5.72744552996031e-06,5.71127042992085e-06,5.58645961070494e-06,5.46079363597821e-06,5.42880258241615e-06,5.40614244405622e-06,4.25970596532954e-06,4.05845782963376e-06,3.24642820898014e-06,2.57439234061197e-06,0
4648,0.304324,25.126,2.28276e-05,2.28276e-05,2.27977315800133e-05,2.27821799483159e-05,2.27821799483159e-05,2.27540425451769e-05,2.27540425451769e-05,2.27172570475666e-05,2.26588609079416e-05,2.26251845247099e-05,2.25653573795489e-05,2.24703678920206e-05,2.2406908458548e-05,2.19172407681237e-05,2.14242180638749e-05,2.12987082289874e-05,2.12098061795888e-05,1.67120157934445e-05,1.59224631695021e-05,1.27366442525247e-05,1.01000599114125e-05,0
4913,0.131625,1.1578,0.000158078,0.000158078,0.000157871165286992,0.000157763472369845,0.000157763472369845,0.00015756862471116,0.00015756862471116,0.000157313890184042,0.000156909504924109,0.000156676300587757,0.0001562620058107,0.000155604216634023,0.000155164768758448,0.000151773887142909,0.000148359772516656,0.000147490634119306,0.000146874999617001,0.000115728417906224,0.00011026087424471,8.81995150673134e-05,6.99415300196372e-05,0
4603,0.168878,10.4531,2.79123e-05,2.79123e-05,2.78757785829787e-05,2.78567629260797e-05,2.78567629260797e-05,2.78223580986937e-05,2.78223580986937e-05,2.7777378869824e-05,2.7705975368446e-05,2.76647977890387e-05,2.75916445349132e-05,2.74754967544747e-05,2.73979021433496e-05,2.67991641474399e-05,2.61963238301134e-05,2.60428574926827e-05,2.5934153087777e-05,2.04345090342988e-05,1.9469088678884e-05,1.55736492390679e-05,1.23497828184005e-05,0
4603,0.978239,49.7838,1.166e-07,1.166e-07,1.16447436534263e-07,1.16368001102772e-07,1.16368001102772e-07,1.16224279414727e-07,1.16224279414727e-07,1.16036384540918e-07,1.15738105708265e-07,1.15566091730238e-07,1.15260503533241e-07,1.14775311299024e-07,1.14451169911278e-07,1.11950019869072e-07,1.09431732913132e-07,1.08790647264711e-07,1.08336548762904e-07,8.5362501599626e-08,8.13295837303939e-08,6.50568925267826e-08,5.15896101942693e-08,0
1269,0.27555,9.78986,6.77362e-05,6.77362e-05,6.76475716172571e-05,6.76014253541815e-05,6.76014253541815e-05,6.75179334073057e-05,6.75179334073057e-05,6.74087800217886e-05,6.7235501508372e-05,6.71355737792257e-05,6.69580490517007e-05,6.66761873174353e-05,6.64878845226785e-05,6.50348965339231e-05,6.35719532328516e-05,6.3199528655677e-05,6.29357301399124e-05,4.95894638152023e-05,4.72466290692856e-05,3.77933677836419e-05,2.99698469471789e-05,0
1300,0.252553,12.3322,3.5168e-05,3.5168e-05,3.51219849745881e-05,3.50980262674294e-05,3.50980262674294e-05,3.50546780313647e-05,3.50546780313647e-05,3.49980066169384e-05,3.49080420372921e-05,3.48561604971612e-05,3.47639913229589e-05,3.46176513530367e-05,3.45198863073742e-05,3.37655085656563e-05,3.30059621191169e-05,3.28126027702004e-05,3.26756410539777e-05,2.5746384702021e-05,2.45300068664708e-05,1.96219622331208e-05,1.5560063561853e-05,0
1225,0.657791,5.37252,4.47339e-05,4.47339e-05,4.46753686207554e-05,4.46448930062717e-05,4.46448930062717e-05,4.4589753798546e-05,4.4589753798546e-05,4.45176674306602e-05,4.44032319634902e-05,4.43372383434929e-05,4.42199986192593e-05,4.40338533286399e-05,4.39094956234487e-05,4.29499227600436e-05,4.19837752741232e-05,4.17378210606764e-05,4.15636049631634e-05,3.27495506887437e-05,3.12023110260469e-05,2.49592497821942e-05,1.97924911103724e-05,0
1167,0.521246,49.6747,1.30356e-05,1.30356e-05,1.30185437708923e-05,1.30096630804056e-05,1.30096630804056e-05,1.29935953408115e-05,1.29935953408115e-05,1.29725891451252e-05,1.2939242287913e-05,1.29200115382391e-05,1.28858475116459e-05,1.28316041849876e-05,1.27953659562218e-05,1.25157433876953e-05,1.22342049533656e-05,1.21625331173574e-05,1.21117659953148e-05,9.54332269169884e-06,9.0924521584556e-06,7.27320435868034e-06,5.76759453386292e-06,0
1245,0.204734,11.371,6.21428e-05,6.21428e-05,6.2061490214935e-05,6.2019154536272e-05,6.2019154536272e-05,6.1942557039567e-05,6.1942557039567e-05,6.18424171290684e-05,6.16834473019517e-05,6.15917712279057e-05,6.14289058230315e-05,6.1170319168036e-05,6.09975657080838e-05,5.96645599890203e-05,5.83224210297958e-05,5.79807498699958e-05,5.77387348410238e-05,4.54945528679695e-05,4.33451805818278e-05,3.46725339700973e-05,2.74950499861101e-05,0
1217,0.547954,3.03474,7.73299e-05,7.73299e-05,7.72287188889445e-05,7.7176036779393e-05,7.7176036779393e-05,7.70807195944504e-05,7.70807195944504e-05,7.69561064572106e-05,7.67582859400477e-05,7.66442051191261e-05,7.64415369826342e-05,7.61197542471905e-05,7.59047815104815e-05,7.4246002070955e-05,7.25758573156022e-05,7.21506850250035e-05,7.18495238608959e-05,5.66129820964744e-05,5.39383239872469e-05,4.3146166324244e-05,3.42145745914393e-05,0
1307,0.116246,10.8546,4.60553e-05,4.60553e-05,4.59950396553727e-05,4.5963663818083e-05,4.5963663818083e-05,4.59068958467332e-05,4.59068958467332e-05,4.58326801110408e-05,4.57148643209765e-05,4.56469213075781e-05,4.55262184251669e-05,4.53345745666376e-05,4.52065434443815e-05,4.42186256438771e-05,4.32239390123e-05,4.29707195280485e-05,4.27913572404816e-05,3.37169435670777e-05,3.2123999807705e-05,2.56965240342087e-05,2.03771438626083e-05,0
1286,0.246602,27.0718,9.8578e-06,9.8578e-06,9.84490171412917e-06,9.83818594571958e-06,9.83818594571958e-06,9.82603517679672e-06,9.82603517679672e-06,9.81014984157345e-06,9.78493223371298e-06,9.7703895288022e-06,9.74455395994837e-06,9.70353399419829e-06,9.67612986922296e-06,9.46467329215556e-06,9.25176789632139e-06,9.19756811840542e-06,9.15917693306133e-06,7.21686507949223e-06,6.87590712261987e-06,5.50015296012451e-06,4.36157855379989e-06,0
1329,0.818416,54.8377,3.541e-06,3.541e-06,3.53636683334328e-06,3.53395447602843e-06,3.53395447602843e-06,3.52958982339236e-06,3.52958982339236e-06,3.52388368490044e-06,3.51482532000829e-06,3.50960146498088e-06,3.50032112359524e-06,3.485586426328e-06,3.4757426471341e-06,3.39978576634978e-06,3.32330845836536e-06,3.30383946796177e-06,3.29004904948063e-06,2.59235521581712e-06,2.46988041157225e-06,1.97569859723274e-06,1.56671363377279e-06,0
2466,0.109674,4.88344,4.83918e-05,4.83918e-05,4.83284824981026e-05,4.82955148864932e-05,4.82955148864932e-05,4.82358669346621e-05,4.82358669346621e-05,4.81578860499761e-05,4.80340931716399e-05,4.79627032400627e-05,4.7835876799999e-05,4.76345103715276e-05,4.74999839117718e-05,4.64619465823341e-05,4.54167970221759e-05,4.51507310832286e-05,4.49622693003832e-05,3.54274880352383e-05,3.37537302741379e-05,2.70001726567544e-05,2.14109270891856e-05,0
2550,0.633164,6.68121,6.3876e-05,6.3876e-05,6.37924224362145e-05,6.3748905990057e-05,6.3748905990057e-05,6.36701721431828e-05,6.36701721431828e-05,6.35672392704605e-05,6.34038356794265e-05,6.33096027046368e-05,6.31421948858429e-05,6.28763960937947e-05,6.26988244361303e-05,6.132864038728e-05,5.99490683667172e-05,5.9597867793145e-05,5.9349102819719e-05,4.67634232605293e-05,4.45541036909317e-05,3.56395717584971e-05,2.82619034371282e-05,0
2592,0.376794,2.24416,0.000106319,0.000106319,0.000106179888549626,0.000106107457197646,0.000106107457197646,0.000105976407916761,0.000105976407916761,0.000105805080343104,0.000105533101722101,0.000105376254774161,0.000105097611279165,0.000104655200017161,0.000104359639226391,0.000102079023691766,9.97827822606457e-05,9.91982232121513e-05,9.87841640473683e-05,7.78358131009489e-05,7.41584906743717e-05,5.93206154078473e-05,4.70407870175344e-05,0
2647,0.550681,1.24906,6.54837e-05,6.54837e-05,6.5398018866027e-05,6.53534071510598e-05,6.53534071510598e-05,6.52726916458848e-05,6.52726916458848e-05,6.51671680477027e-05,6.49996517390078e-05,6.49030470071643e-05,6.47314256879904e-05,6.44589369855224e-05,6.42768960130288e-05,6.28722256955433e-05,6.14579311197571e-05,6.10978911516996e-05,6.08428649933564e-05,4.79404154888459e-05,4.56754893835849e-05,3.65365869052836e-05,2.89732294775169e-05,0
2663,0.182608,4.10821,3.74972e-05,3.74972e-05,3.74481373688901e-05,3.74225918606419e-05,3.74225918606419e-05,3.7376372642109e-05,3.7376372642109e-05,3.73159478422618e-05,3.72200248487474e-05,3.71647071597518e-05,3.70664335599197e-05,3.69104013965846e-05,3.68061613070084e-05,3.60018206263685e-05,3.51919689141535e-05,3.49858032471212e-05,3.48397704654575e-05,2.745158486262e-05,2.61546455150542e-05,2.09215378255169e-05,1.65906169071746e-05,0
2666,0.151549,6.30235,5.23376e-05,5.23376e-05,5.22691196771498e-05,5.22334639323878e-05,5.22334639323878e-05,5.21689523696074e-05,5.21689523696074e-05,5.20846130321506e-05,5.19507262548618e-05,5.18735152876542e-05,5.17363475962379e-05,5.15185620295352e-05,5.13730664695412e-05,5.02503890214369e-05,4.91200194212208e-05,4.88322588360339e-05,4.86284301417954e-05,3.83161960867975e-05,3.65059624480949e-05,2.92017291450235e-05,2.31567442753309e-05,0
2778,0.0735885,1.97578,1.77782e-05,1.77782e-05,1.77549383893091e-05,1.77428267341792e-05,1.77428267341792e-05,1.77209132443474e-05,1.77209132443474e-05,1.7692264593871e-05,1.76467855137451e-05,1.7620558250416e-05,1.75739646990966e-05,1.74999866152342e-05,1.74505642274158e-05,1.70692096332447e-05,1.66852421447362e-05,1.65874947272855e-05,1.65182575576042e-05,1.30153655740864e-05,1.24004597382135e-05,9.91933487752699e-06,7.86595547131868e-06,0
2698,0.365498,9.22266,2.05392e-05,2.05392e-05,2.05123258015827e-05,2.04983331753863e-05,2.04983331753863e-05,2.04730164644508e-05,2.04730164644508e-05,2.04399186051701e-05,2.03873765074031e-05,2.03570760828962e-05,2.03032464337044e-05,2.02177793639187e-05,2.01606815526734e-05,1.97201016131633e-05,1.92765029901321e-05,1.9163575148365e-05,1.90835852688768e-05,1.5036685187436e-05,1.43262829001313e-05,1.14598329930197e-05,9.08755850516411e-06,0
2767,0.850044,55.8615,4.0423e-06,4.0423e-06,4.03701091511538e-06,4.03425703994626e-06,4.03425703994626e-06,4.02927448265996e-06,4.02927448265996e-06,4.02276052512654e-06,4.01241976590497e-06,4.00645636879193e-06,3.99586220782521e-06,3.9790415168443e-06,3.96780415207855e-06,3.88109404216767e-06,3.79378982808537e-06,3.77156460924651e-06,3.75582187876746e-06,2.95935540494141e-06,2.81954182086939e-06,2.25539859915106e-06,1.78851356164918e-06,0
