Random Generator,bet,02-2020,04-2020,06-2020,08-2020,10-2020,12-2020,02-2021,04-2021,06-2021,08-2021,10-2021,12-2021,02-2022,04-2022,06-2022,08-2022,10-2022,12-2022,02-2023,04-2023,06-2023,08-2023,10-2023,12-2023,02-2024,04-2024,06-2024,08-2024,10-2024,12-2024,02-2025,04-2025,06-2025,08-2025,10-2025,12-2025,02-2026,04-2026,06-2026,08-2026,10-2026,12-2026,02-2027,04-2027,06-2027,08-2027,10-2027,12-2027,02-2028,04-2028,06-2028,08-2028,10-2028,12-2028,02-2029,04-2029,06-2029,08-2029,10-2029,12-2029,02-2030,04-2030,06-2030,08-2030,10-2030,12-2030
785,0.22233069844078301,0.11842105263157894,0.10714285714285714,0.10222222222222223,0.09417040358744394,0.07174887892376682,0.08733624454148471,0.08368200836820083,0.08571428571428572,0.10612244897959183,0.1111111111111111,0.1016260162601626,0.08906882591093117,0.08502024291497975,0.06827309236947791,0.05714285714285714,0.04,0.03162055335968379,0.027888446215139442,0.027777777777777776,0.01953125,0.019157088122605363,0.007575757575757576,0.0037593984962406013,0.0,0.0,0.0,0.0,0.0,0.0,0.0,0.0,0.0,0.0,0.0,0.0,0.0,0.0,0.0,0.0,0.0,0.0,0.0,0.0,0.0,0.0,0.0,0.0,0.0,0.0,0.0,0.0,0.0,0.0,0.0,0.0,0.0,0.0,0.0,0.0,0.0,0.0,0.0,0.0,0.0,0.0,0.0
8524,0.132854936696822,0.09302325581395349,0.10038610038610038,0.10384615384615385,0.09302325581395349,0.08235294117647059,0.0694980694980695,0.07335907335907337,0.07936507936507936,0.06772908366533864,0.056910569105691054,0.048,0.043478260869565216,0.04048582995951417,0.04048582995951417,0.032,0.02766798418972332,0.023715415019762844,0.01968503937007874,0.015503875968992248,0.003937007874015748,0.003875968992248062,0.0,0.0,0.0,0.0,0.0,0.0,0.0,0.0,0.0,0.0,0.0,0.0,0.0,0.0,0.0,0.0,0.0,0.0,0.0,0.0,0.0,0.0,0.0,0.0,0.0,0.0,0.0,0.0,0.0,0.0,0.0,0.0,0.0,0.0,0.0,0.0,0.0,0.0,0.0,0.0,0.0,0.0,0.0,0.0,0.0
5489,0.21676805519382503,0.05952380952380952,0.0846774193548387,0.12749003984063745,0.1541501976284585,0.18072289156626506,0.20078740157480315,0.19140625,0.17829457364341086,0.1626984126984127,0.148,0.1111111111111111,0.07346938775510205,0.08366533864541832,0.06995884773662552,0.07661290322580645,0.08536585365853659,0.08571428571428572,0.11336032388663968,0.1220472440944882,0.125,0.13229571984435798,0.14173228346456693,0.14396887159533073,0.1517509727626459,0.1583011583011583,0.1568627450980392,0.14671814671814673,0.13565891472868216,0.12015503875968993,0.11877394636015326,0.10687022900763359,0.09266409266409266,0.0694980694980695,0.0546875,0.05405405405405406,0.07224334600760456,0.0694980694980695,0.07722007722007722,0.07662835249042145,0.0946969696969697,0.125,0.1856060606060606,0.21428571428571427,0.23863636363636365,0.27715355805243447,0.3157894736842105,0.3383458646616541,0.3553113553113553,0.35507246376811596,0.3202846975088968,0.2640845070422535,0.2198581560283688,0.2127659574468085,0.18571428571428572,0.20503597122302158,0.1978021978021978,0.22592592592592592,0.23134328358208955,0.24814814814814815,0.27611940298507465,0.3007518796992481,0.36329588014981273,0.5714285714285714,0.6996466431095406,0.8216783216783217,0.8706293706293706
853,0.0912254283728544,0.042801556420233464,0.04247104247104247,0.02702702702702703,0.03125,0.0311284046692607,0.02734375,0.023529411764705882,0.011811023622047244,0.007905138339920948,0.007782101167315175,0.0078125,0.0038910505836575876,0.0,0.0,0.0,0.0,0.0,0.0,0.0,0.0,0.0,0.0,0.0,0.0,0.0,0.0,0.0,0.0,0.0,0.0,0.0,0.0,0.0,0.0,0.0,0.0,0.0,0.0,0.0,0.0,0.0,0.0,0.0,0.0,0.0,0.0,0.0,0.0,0.0,0.0,0.0,0.0,0.0,0.0,0.0,0.0,0.0,0.0,0.0,0.0,0.0,0.0,0.0,0.0,0.0,0.0
8572,0.0871243254397996,0.026415094339622643,0.03745318352059925,0.04119850187265917,0.04059040590405904,0.04411764705882353,0.03985507246376811,0.03571428571428571,0.02909090909090909,0.025362318840579712,0.017985611510791366,0.014388489208633094,0.014388489208633094,0.014035087719298246,0.017421602787456445,0.017482517482517484,0.013651877133105802,0.003401360544217687,0.0034129692832764505,0.003389830508474576,0.003424657534246575,0.003389830508474576,0.0,0.0,0.0,0.0,0.003389830508474576,0.013605442176870748,0.013605442176870748,0.013333333333333334,0.016556291390728478,0.016339869281045753,0.016339869281045753,0.013071895424836602,0.009708737864077669,0.00967741935483871,0.003205128205128205,0.0032679738562091504,0.003289473684210526,0.003236245954692557,0.0,0.0,0.0,0.0,0.0,0.0,0.0,0.0,0.0,0.0,0.0,0.0,0.0,0.0,0.0,0.0,0.0,0.0,0.0,0.0,0.0,0.0,0.0,0.0,0.0,0.0,0.0
2312,0.18714914518059197,0.17796610169491525,0.18421052631578946,0.21304347826086956,0.22270742358078602,0.2511013215859031,0.26406926406926406,0.25738396624472576,0.2553191489361702,0.2320675105485232,0.20512820512820512,0.17768595041322313,0.1532258064516129,0.11336032388663968,0.08906882591093117,0.05737704918032787,0.040983606557377046,0.024193548387096774,0.004048582995951417,0.0,0.0,0.0,0.0,0.0,0.0,0.0,0.0,0.0,0.0,0.0,0.0,0.0,0.0,0.0,0.0,0.0,0.0,0.0,0.0,0.0,0.0,0.0,0.0,0.0,0.0,0.0,0.0,0.0,0.0,0.0,0.0,0.0,0.0,0.0,0.0,0.0,0.0,0.0,0.0,0.0,0.0,0.0,0.0,0.0,0.0,0.0,0.0
3067,0.168113373359665,0.030837004405286344,0.008771929824561403,0.008658008658008658,0.008658008658008658,0.00423728813559322,0.0,0.0,0.0,0.0,0.0,0.0,0.0,0.0,0.0,0.0,0.0,0.0,0.0,0.0,0.0,0.0,0.0,0.0,0.0,0.0,0.0,0.0,0.0,0.0,0.0,0.0,0.0,0.0,0.0,0.0,0.0,0.0,0.0,0.0,0.0,0.0,0.0,0.0,0.0,0.0,0.0,0.0,0.0,0.0,0.0,0.0,0.0,0.0,0.0,0.0,0.0,0.0,0.0,0.0,0.0,0.0,0.0,0.0,0.0,0.0,0.0
6359,0.216547614184674,0.0859375,0.11811023622047244,0.17131474103585656,0.22040816326530613,0.256,0.32270916334661354,0.33067729083665337,0.3147410358565737,0.3110236220472441,0.28174603174603174,0.256,0.21721311475409835,0.1836734693877551,0.15384615384615385,0.13580246913580246,0.11570247933884298,0.11020408163265306,0.0796812749003984,0.06451612903225806,0.06477732793522267,0.07258064516129033,0.068,0.07539682539682539,0.07661290322580645,0.0642570281124498,0.06274509803921569,0.06772908366533864,0.06,0.05138339920948617,0.05384615384615385,0.046153846153846156,0.04905660377358491,0.04814814814814815,0.0625,0.06296296296296296,0.058823529411764705,0.05860805860805861,0.058823529411764705,0.07913669064748201,0.07473309608540925,0.0812720848056537,0.0975609756097561,0.0851063829787234,0.1103202846975089,0.13074204946996468,0.1444043321299639,0.17753623188405798,0.20567375886524822,0.21908127208480566,0.2542955326460481,0.27181208053691275,0.31756756756756754,0.3003412969283277,0.3310810810810811,0.3412969283276451,0.2986111111111111,0.29328621908127206,0.24468085106382978,0.22419928825622776,0.22939068100358423,0.24555160142348753,0.2756183745583039,0.38515901060070673,0.5605536332179931,0.708904109589041,0.8406779661016949
9386,0.127179723384324,0.06985294117647059,0.07011070110701106,0.06227106227106227,0.055350553505535055,0.06204379562043796,0.05,0.04513888888888889,0.04152249134948097,0.028368794326241134,0.02120141342756184,0.020905923344947737,0.0070921985815602835,0.007194244604316547,0.0070921985815602835,0.0070921985815602835,0.0035211267605633804,0.0035087719298245615,0.0071174377224199285,0.006896551724137931,0.006802721088435374,0.0033783783783783786,0.0033783783783783786,0.0033783783783783786,0.003367003367003367,0.0033444816053511705,0.0,0.0,0.0,0.0,0.0,0.0,0.0,0.0,0.0,0.0,0.0,0.0,0.0,0.0,0.0,0.0,0.0,0.0,0.0,0.0,0.0,0.0,0.0,0.0,0.0,0.0,0.0,0.0,0.0,0.0,0.0,0.0,0.0,0.0,0.0,0.0,0.0,0.0,0.0,0.0,0.0
7902,0.135780211625388,0.0636042402826855,0.07719298245614035,0.09407665505226481,0.11888111888111888,0.13780918727915195,0.1276595744680851,0.11458333333333333,0.11186440677966102,0.12080536912751678,0.10738255033557047,0.0847457627118644,0.0782312925170068,0.07534246575342465,0.06920415224913495,0.0851063829787234,0.0948905109489051,0.08960573476702509,0.06785714285714285,0.06545454545454546,0.05090909090909091,0.04779411764705882,0.041353383458646614,0.01858736059479554,0.0037313432835820895,0.003703703703703704,0.007272727272727273,0.007220216606498195,0.007194244604316547,0.0072992700729927005,0.01090909090909091,0.01090909090909091,0.007407407407407408,0.011152416356877323,0.007380073800738007,0.007407407407407408,0.007462686567164179,0.007434944237918215,0.0037313432835820895,0.0036900369003690036,0.0,0.0,0.0,0.0,0.0,0.0,0.0,0.0,0.0,0.0,0.0,0.0,0.0,0.0,0.0,0.0,0.0,0.0,0.0,0.0,0.0,0.0,0.0,0.0,0.0,0.0,0.0
5409,0.134752741438569,0.055776892430278883,0.06719367588932806,0.07539682539682539,0.08267716535433071,0.08076923076923077,0.08679245283018867,0.07575757575757576,0.0708955223880597,0.06319702602230483,0.06415094339622641,0.056818181818181816,0.057692307692307696,0.06153846153846154,0.06614785992217899,0.07142857142857142,0.07114624505928854,0.06349206349206349,0.054474708171206226,0.04743083003952569,0.031007751937984496,0.023255813953488372,0.01953125,0.01556420233463035,0.011494252873563218,0.015209125475285171,0.01532567049808429,0.019011406844106463,0.03018867924528302,0.04198473282442748,0.04182509505703422,0.046153846153846156,0.04247104247104247,0.04669260700389105,0.05138339920948617,0.0392156862745098,0.03488372093023256,0.023076923076923078,0.03088803088803089,0.02681992337164751,0.026615969581749048,0.023076923076923078,0.022388059701492536,0.018656716417910446,0.0149812734082397,0.01509433962264151,0.007462686567164179,0.0,0.0037313432835820895,0.0037593984962406013,0.003816793893129771,0.007547169811320755,0.007407407407407408,0.0037174721189591076,0.007518796992481203,0.007662835249042145,0.0,0.0037735849056603774,0.0038314176245210726,0.0038461538461538464,0.0038461538461538464,0.0038910505836575876,0.003952569169960474,0.0038910505836575876,0.0037313432835820895,0.0,0.0
2023,0.114994382800069,0.03474903474903475,0.043137254901960784,0.0546875,0.05555555555555555,0.04819277108433735,0.038910505836575876,0.03125,0.031007751937984496,0.01953125,0.02,0.0038461538461538464,0.0,0.0,0.0,0.003787878787878788,0.003816793893129771,0.0037593984962406013,0.003745318352059925,0.0037174721189591076,0.0037174721189591076,0.0037174721189591076,0.003676470588235294,0.0,0.0,0.0036496350364963502,0.010714285714285714,0.01079136690647482,0.014388489208633094,0.01444043321299639,0.017857142857142856,0.017985611510791366,0.01818181818181818,0.011111111111111112,0.011111111111111112,0.007434944237918215,0.003745318352059925,0.0,0.0,0.0,0.003663003663003663,0.0,0.003663003663003663,0.0036496350364963502,0.003663003663003663,0.0037174721189591076,0.003745318352059925,0.0037735849056603774,0.0037174721189591076,0.003676470588235294,0.003663003663003663,0.0,0.0,0.0,0.0,0.0,0.0,0.0,0.0,0.0,0.0,0.0,0.003745318352059925,0.003745318352059925,0.003663003663003663,0.003703703703703704,0.007352941176470588
2816,0.20171549057704397,0.03968253968253968,0.048582995951417005,0.072,0.08502024291497975,0.09274193548387097,0.11475409836065574,0.12449799196787148,0.13095238095238096,0.13725490196078433,0.14,0.1377952755905512,0.13127413127413126,0.11877394636015326,0.1169811320754717,0.1018867924528302,0.09811320754716982,0.08646616541353383,0.06716417910447761,0.05166051660516605,0.06319702602230483,0.07037037037037037,0.055970149253731345,0.03745318352059925,0.033962264150943396,0.03383458646616541,0.030534351145038167,0.03137254901960784,0.023346303501945526,0.019762845849802372,0.019305019305019305,0.01556420233463035,0.00398406374501992,0.00398406374501992,0.003968253968253968,0.00398406374501992,0.004016064257028112,0.0,0.0,0.0,0.0,0.0,0.0,0.0,0.0,0.0,0.0,0.0,0.0,0.0,0.0,0.0,0.0,0.0,0.0,0.0,0.0,0.0,0.0,0.0,0.0,0.0,0.0,0.0,0.0,0.0,0.0
30,0.0927594518347178,0.0777027027027027,0.08333333333333333,0.08783783783783784,0.07718120805369127,0.0777027027027027,0.060810810810810814,0.05084745762711865,0.033783783783783786,0.030612244897959183,0.020338983050847456,0.02348993288590604,0.023728813559322035,0.01730103806228374,0.013937282229965157,0.013745704467353952,0.010135135135135136,0.00684931506849315,0.003484320557491289,0.003472222222222222,0.003424657534246575,0.003424657534246575,0.0,0.0,0.0,0.0,0.0,0.0,0.0,0.0,0.0,0.0,0.0,0.0,0.0,0.0,0.0,0.0,0.0,0.0,0.0,0.0,0.0,0.0,0.0,0.0,0.0,0.0,0.0,0.0,0.0,0.0,0.0,0.0,0.0,0.0,0.0,0.0,0.0,0.0,0.0,0.0,0.0,0.0,0.0,0.0,0.0
8771,0.0781727576744743,0.028225806451612902,0.036585365853658534,0.0411522633744856,0.0371900826446281,0.032520325203252036,0.02834008097165992,0.020080321285140562,0.020242914979757085,0.02032520325203252,0.011811023622047244,0.0,0.0,0.0,0.0,0.0,0.0,0.0,0.0,0.0,0.0,0.0,0.0,0.0,0.0,0.0,0.0,0.0,0.0,0.0,0.0,0.0,0.0,0.0,0.0,0.0,0.0,0.0,0.0,0.0,0.0,0.0,0.0,0.0,0.0,0.0,0.0,0.0,0.0,0.0,0.0,0.0,0.0,0.0,0.0,0.0,0.0,0.0,0.0,0.0,0.0,0.0,0.0,0.0,0.0,0.0,0.0
9848,0.155285647010896,0.03515625,0.023255813953488372,0.01532567049808429,0.007751937984496124,0.011583011583011582,0.011583011583011582,0.011583011583011582,0.011764705882352941,0.0078125,0.007936507936507936,0.00784313725490196,0.007874015748031496,0.004016064257028112,0.0,0.0,0.0,0.0,0.0,0.0,0.0,0.0,0.0,0.0,0.0,0.0,0.0,0.0,0.0,0.0,0.0,0.0,0.0,0.0,0.0,0.0,0.0,0.0,0.0,0.0,0.0,0.0,0.0,0.0,0.0,0.0,0.0,0.0,0.0,0.0,0.0,0.0,0.0,0.0,0.0,0.0,0.0,0.0,0.0,0.0,0.0,0.0,0.0,0.0,0.0,0.0,0.0
87,0.134015389560955,0.02100840336134454,0.01652892561983471,0.012552301255230125,0.008298755186721992,0.004098360655737705,0.004032258064516129,0.003968253968253968,0.0038461538461538464,0.003816793893129771,0.0,0.0038314176245210726,0.0037735849056603774,0.003816793893129771,0.0038910505836575876,0.003937007874015748,0.0,0.0,0.0,0.0,0.0,0.0,0.0,0.0,0.0,0.0,0.0,0.0,0.0,0.0,0.0,0.0,0.0,0.0,0.0,0.0,0.0,0.0,0.0,0.0,0.0,0.0,0.0,0.0,0.0,0.0,0.0,0.0,0.0,0.0,0.0,0.0,0.0,0.0,0.0,0.0,0.0,0.0,0.0,0.0,0.0,0.0,0.0,0.0,0.0,0.0,0.0
641,0.182145659427624,0.1067193675889328,0.1434108527131783,0.16988416988416988,0.19767441860465115,0.24313725490196078,0.2637795275590551,0.28125,0.28346456692913385,0.26171875,0.26436781609195403,0.24334600760456274,0.23193916349809887,0.21348314606741572,0.17343173431734318,0.14963503649635038,0.12867647058823528,0.11678832116788321,0.10948905109489052,0.07692307692307693,0.06159420289855073,0.060714285714285714,0.04946996466431095,0.04895104895104895,0.04609929078014184,0.0498220640569395,0.039711191335740074,0.029197080291970802,0.029411764705882353,0.03296703296703297,0.025547445255474453,0.01838235294117647,0.017985611510791366,0.014285714285714285,0.010676156583629894,0.010526315789473684,0.0,0.0,0.0,0.0,0.0,0.0,0.0,0.0,0.0,0.0,0.0,0.0,0.0,0.0,0.0,0.0,0.0,0.0,0.0,0.0,0.0,0.0,0.0,0.0,0.0,0.0,0.0,0.0,0.0,0.0,0.0
5069,0.188505844294559,0.05343511450381679,0.06060606060606061,0.07462686567164178,0.07894736842105263,0.08921933085501858,0.10112359550561797,0.10566037735849057,0.11895910780669144,0.12406015037593984,0.12075471698113208,0.11808118081180811,0.12177121771217712,0.11355311355311355,0.11851851851851852,0.12686567164179105,0.12043795620437957,0.10661764705882353,0.08455882352941177,0.0695970695970696,0.04044117647058824,0.03985507246376811,0.04363636363636364,0.04059040590405904,0.05904059040590406,0.06273062730627306,0.0695970695970696,0.06934306569343066,0.06593406593406594,0.06884057971014493,0.08303249097472924,0.10357142857142858,0.10545454545454545,0.11272727272727273,0.10469314079422383,0.10218978102189781,0.11070110701107011,0.10948905109489052,0.09057971014492754,0.09187279151943463,0.0975609756097561,0.08680555555555555,0.0979020979020979,0.11418685121107267,0.11888111888111888,0.1258741258741259,0.14184397163120568,0.14487632508833923,0.175,0.16785714285714284,0.14336917562724014,0.16304347826086957,0.17028985507246377,0.19117647058823528,0.21299638989169675,0.213768115942029,0.20220588235294118,0.20074349442379183,0.1814814814814815,0.16104868913857678,0.15217391304347827,0.1575091575091575,0.16117216117216118,0.1875,0.2771929824561403,0.38144329896907214,0.5229681978798587
191,0.14313678391627,0.08108108108108109,0.09505703422053231,0.10984848484848485,0.1111111111111111,0.11538461538461539,0.09923664122137404,0.09923664122137404,0.09195402298850575,0.05747126436781609,0.038461538461538464,0.03333333333333333,0.014705882352941176,0.01098901098901099,0.0,0.0,0.0,0.0,0.0,0.0,0.0,0.0,0.0,0.0,0.0,0.0,0.0,0.0,0.0,0.0,0.0,0.0,0.0,0.0,0.0,0.0,0.0,0.0,0.0,0.0,0.0,0.0,0.0,0.0,0.0,0.0,0.0,0.0,0.0,0.0,0.0,0.0,0.0,0.0,0.0,0.0,0.0,0.0,0.0,0.0,0.0,0.0,0.0,0.0,0.0,0.0,0.0
760,0.109597907739226,0.06741573033707865,0.04887218045112782,0.045112781954887216,0.045283018867924525,0.05019305019305019,0.0546875,0.04230769230769231,0.035856573705179286,0.03571428571428571,0.023529411764705882,0.015503875968992248,0.019011406844106463,0.023346303501945526,0.015209125475285171,0.015209125475285171,0.022727272727272728,0.030534351145038167,0.03773584905660377,0.04119850187265917,0.041353383458646614,0.03731343283582089,0.033707865168539325,0.03745318352059925,0.033210332103321034,0.026217228464419477,0.022222222222222223,0.026415094339622643,0.022988505747126436,0.018726591760299626,0.0149812734082397,0.015151515151515152,0.019157088122605363,0.022988505747126436,0.03088803088803089,0.03435114503816794,0.0390625,0.034482758620689655,0.03461538461538462,0.03488372093023256,0.034220532319391636,0.01532567049808429,0.011538461538461539,0.01532567049808429,0.022813688212927757,0.019157088122605363,0.02247191011235955,0.026217228464419477,0.033707865168539325,0.03787878787878788,0.045283018867924525,0.045112781954887216,0.041666666666666664,0.034482758620689655,0.03007518796992481,0.03409090909090909,0.030418250950570342,0.03018867924528302,0.022641509433962263,0.022388059701492536,0.025547445255474453,0.0364963503649635,0.046762589928057555,0.05653710247349823,0.061016949152542375,0.07216494845360824,0.08650519031141868
9861,0.14935032186331199,0.09126984126984126,0.08300395256916997,0.07539682539682539,0.06719367588932806,0.05384615384615385,0.056818181818181816,0.04924242424242424,0.04182509505703422,0.03076923076923077,0.022988505747126436,0.015384615384615385,0.007751937984496124,0.007936507936507936,0.0,0.0,0.0,0.0041841004184100415,0.008333333333333333,0.008298755186721992,0.008264462809917356,0.01639344262295082,0.020080321285140562,0.024096385542168676,0.028112449799196786,0.031746031746031744,0.03515625,0.031007751937984496,0.03515625,0.03125,0.023076923076923078,0.022813688212927757,0.019011406844106463,0.011538461538461539,0.003816793893129771,0.0,0.0,0.0,0.0,0.0,0.0,0.0,0.0,0.0,0.0,0.0,0.0,0.0,0.0,0.0,0.0,0.0,0.0,0.0,0.0,0.0,0.0,0.0,0.0,0.0,0.0,0.0,0.0,0.0,0.0,0.0,0.0
5060,0.140041549567832,0.027237354085603113,0.031007751937984496,0.031746031746031744,0.028225806451612902,0.027237354085603113,0.019230769230769232,0.019011406844106463,0.01532567049808429,0.007633587786259542,0.003816793893129771,0.003745318352059925,0.003787878787878788,0.0037593984962406013,0.0,0.0,0.0,0.0,0.0,0.0,0.0,0.0,0.0,0.0,0.0,0.0,0.0,0.0,0.0,0.0,0.0,0.0,0.0,0.0,0.0,0.0,0.0,0.0,0.0,0.0,0.0,0.0,0.0,0.0,0.0,0.0,0.0,0.0,0.0,0.0,0.0,0.0,0.0,0.0,0.0,0.0,0.0,0.0,0.0,0.0,0.0,0.0,0.0,0.0,0.0,0.0,0.0
1388,0.188324570702389,0.07307692307692308,0.07692307692307693,0.09266409266409266,0.10038610038610038,0.10465116279069768,0.12307692307692308,0.11673151750972763,0.10894941634241245,0.11583011583011583,0.09848484848484848,0.07518796992481203,0.07272727272727272,0.06204379562043796,0.04710144927536232,0.029850746268656716,0.026022304832713755,0.01824817518248175,0.018115942028985508,0.0072992700729927005,0.0037174721189591076,0.0037313432835820895,0.0,0.0,0.0,0.0,0.0,0.0,0.0,0.0,0.0,0.0,0.0,0.0,0.0,0.0,0.0,0.0,0.0,0.0,0.0,0.0,0.0,0.0,0.0,0.0,0.0,0.0,0.0,0.0,0.0,0.0,0.0,0.0,0.0,0.0,0.0,0.0,0.0,0.0,0.0,0.0,0.0,0.0,0.0,0.0,0.0
7419,0.060977167240344,0.01060070671378092,0.02120141342756184,0.0176678445229682,0.017985611510791366,0.017985611510791366,0.021052631578947368,0.024475524475524476,0.024390243902439025,0.021052631578947368,0.010526315789473684,0.006872852233676976,0.007017543859649123,0.007017543859649123,0.0035460992907801418,0.0,0.0,0.0,0.0,0.0,0.0,0.0,0.0,0.0,0.0,0.0,0.0,0.0,0.0,0.0,0.0,0.0,0.0,0.0,0.0,0.0,0.0,0.0,0.0,0.0,0.0,0.0,0.0,0.0,0.0,0.0,0.0,0.0,0.0,0.0,0.0,0.0,0.0,0.0,0.0,0.0,0.0,0.0,0.0,0.0,0.0,0.0,0.0,0.0,0.0,0.0,0.0
2513,0.13394725125399398,0.04435483870967742,0.044,0.036,0.0326530612244898,0.028688524590163935,0.01606425702811245,0.008032128514056224,0.008130081300813009,0.008097165991902834,0.008130081300813009,0.004,0.004,0.00398406374501992,0.003968253968253968,0.0,0.0,0.0,0.0,0.0,0.0,0.0,0.0,0.0,0.0,0.0,0.0,0.0,0.0,0.0,0.0,0.0,0.0,0.0,0.0,0.0,0.0,0.0,0.0,0.0,0.0,0.0,0.0,0.0,0.0,0.0,0.0,0.0,0.0,0.0,0.0,0.0,0.0,0.0,0.0,0.0,0.0,0.0,0.0,0.0,0.0,0.0,0.0,0.0,0.0,0.0,0.0
701,0.200657245988259,0.10185185185185185,0.12962962962962962,0.17209302325581396,0.1872146118721461,0.20175438596491227,0.22608695652173913,0.22317596566523606,0.2222222222222222,0.22127659574468084,0.18907563025210083,0.15481171548117154,0.1375,0.13807531380753138,0.13934426229508196,0.1518987341772152,0.14583333333333334,0.15289256198347106,0.14979757085020243,0.15261044176706828,0.14741035856573706,0.14682539682539683,0.12048192771084337,0.11382113821138211,0.13821138211382114,0.1214574898785425,0.14285714285714285,0.12704918032786885,0.14754098360655737,0.1673469387755102,0.1693548387096774,0.1686746987951807,0.172,0.16996047430830039,0.16862745098039217,0.140625,0.12062256809338522,0.11067193675889328,0.10714285714285714,0.10714285714285714,0.11284046692607004,0.10276679841897234,0.1225296442687747,0.1141732283464567,0.11196911196911197,0.09961685823754789,0.0842911877394636,0.05791505791505792,0.05405405405405406,0.0421455938697318,0.026717557251908396,0.007434944237918215,0.0,0.0,0.0,0.0,0.0,0.0,0.0,0.0,0.0,0.0,0.0,0.0,0.0,0.0,0.0
5991,0.22484407972078801,0.12878787878787878,0.16917293233082706,0.20075757575757575,0.1984732824427481,0.21212121212121213,0.25287356321839083,0.25475285171102663,0.27611940298507465,0.2777777777777778,0.24812030075187969,0.2518796992481203,0.24719101123595505,0.17843866171003717,0.15073529411764705,0.12274368231046931,0.10714285714285714,0.0880281690140845,0.0880281690140845,0.07394366197183098,0.06968641114982578,0.06896551724137931,0.06506849315068493,0.05782312925170068,0.04745762711864407,0.04406779661016949,0.023728813559322035,0.010169491525423728,0.006756756756756757,0.003424657534246575,0.0,0.0,0.0,0.0,0.0,0.0,0.0,0.0,0.0,0.0,0.0,0.0,0.0,0.0,0.0,0.0,0.0,0.0,0.0,0.0,0.0,0.0,0.0,0.0,0.0,0.0,0.0,0.0,0.0,0.0,0.0,0.0,0.0,0.0,0.0,0.0,0.0
8303,0.12481999812298501,0.01652892561983471,0.025,0.02459016393442623,0.03319502074688797,0.041666666666666664,0.06224066390041494,0.06639004149377593,0.0625,0.06967213114754098,0.06198347107438017,0.0823045267489712,0.08677685950413223,0.09166666666666666,0.09274193548387097,0.08571428571428572,0.08032128514056225,0.0653061224489796,0.06097560975609756,0.048582995951417005,0.044534412955465584,0.036585365853658534,0.03292181069958848,0.02074688796680498,0.016736401673640166,0.008368200836820083,0.00411522633744856,0.004016064257028112,0.004032258064516129,0.0,0.0,0.0,0.0,0.0,0.0,0.0,0.0,0.0,0.0,0.0,0.0,0.0,0.0,0.0,0.0,0.0,0.0,0.0,0.0,0.0,0.0,0.0,0.0,0.0,0.0,0.0,0.0,0.0,0.0,0.0,0.0,0.0,0.0,0.0,0.0,0.0,0.0
6597,0.119468475098256,0.02181818181818182,0.02564102564102564,0.025362318840579712,0.025547445255474453,0.021897810218978103,0.014760147601476014,0.014598540145985401,0.014760147601476014,0.014652014652014652,0.014760147601476014,0.011235955056179775,0.011278195488721804,0.011111111111111112,0.011029411764705883,0.003745318352059925,0.0037735849056603774,0.0037174721189591076,0.007518796992481203,0.007407407407407408,0.007434944237918215,0.003745318352059925,0.0037174721189591076,0.003703703703703704,0.0037593984962406013,0.00749063670411985,0.010830324909747292,0.0072992700729927005,0.007326007326007326,0.007407407407407408,0.0072992700729927005,0.0072992700729927005,0.0036496350364963502,0.0036101083032490976,0.0036231884057971015,0.0,0.0,0.0,0.0,0.0,0.0,0.0,0.0,0.0,0.0,0.0,0.0,0.0,0.0,0.0,0.0,0.0,0.0,0.0,0.0,0.0,0.0,0.0,0.0,0.0,0.0,0.0,0.0,0.0,0.0,0.0,0.0
8564,0.0809160403034184,0.030303030303030304,0.0299625468164794,0.033962264150943396,0.041666666666666664,0.048327137546468404,0.04779411764705882,0.0449438202247191,0.03745318352059925,0.041666666666666664,0.03773584905660377,0.026217228464419477,0.026022304832713755,0.014814814814814815,0.010830324909747292,0.010830324909747292,0.007142857142857143,0.0035460992907801418,0.0035971223021582736,0.0,0.0,0.0,0.0,0.0,0.0,0.0,0.0,0.0,0.0,0.0,0.0,0.0,0.0,0.0,0.0,0.0,0.0,0.0,0.0,0.0,0.0,0.0,0.0,0.0,0.0,0.0,0.0,0.0,0.0,0.0,0.0,0.0,0.0,0.0,0.0,0.0,0.0,0.0,0.0,0.0,0.0,0.0,0.0,0.0,0.0,0.0,0.0
6162,0.177417247410631,0.1927710843373494,0.268,0.3360323886639676,0.3524590163934426,0.3483606557377049,0.34552845528455284,0.34156378600823045,0.325,0.29535864978902954,0.24166666666666667,0.19838056680161945,0.1383399209486166,0.10040160642570281,0.088,0.053061224489795916,0.0326530612244898,0.02834008097165992,0.016194331983805668,0.011811023622047244,0.00390625,0.0,0.0,0.0,0.0,0.0,0.0,0.0,0.0,0.0,0.0,0.0,0.0,0.0,0.0,0.0,0.0,0.0,0.0,0.0,0.0,0.0,0.0,0.0,0.0,0.0,0.0,0.0,0.0,0.0,0.0,0.0,0.0,0.0,0.0,0.0,0.0,0.0,0.0,0.0,0.0,0.0,0.0,0.0,0.0,0.0,0.0
800,0.11626090431818699,0.007547169811320755,0.0037174721189591076,0.003787878787878788,0.0037593984962406013,0.0037313432835820895,0.003676470588235294,0.0,0.0,0.0,0.0,0.0,0.0,0.0,0.0,0.0,0.0,0.0,0.0,0.0,0.0,0.0,0.0,0.0,0.0,0.0,0.0,0.0,0.0,0.0,0.0,0.0,0.0,0.0,0.0,0.0,0.0,0.0,0.0,0.0,0.0,0.0,0.0,0.0,0.0,0.0,0.0,0.0,0.0,0.0,0.0,0.0,0.0,0.0,0.0,0.0,0.0,0.0,0.0,0.0,0.0,0.0,0.0,0.0,0.0,0.0,0.0
9467,0.201856889005285,0.046511627906976744,0.03937007874015748,0.04819277108433735,0.040983606557377046,0.04032258064516129,0.03076923076923077,0.02702702702702703,0.03488372093023256,0.03875968992248062,0.0311284046692607,0.027450980392156862,0.04263565891472868,0.04924242424242424,0.06390977443609022,0.0749063670411985,0.06741573033707865,0.06569343065693431,0.0708955223880597,0.06367041198501873,0.056179775280898875,0.05555555555555555,0.04044117647058824,0.02952029520295203,0.025547445255474453,0.02127659574468085,0.017857142857142856,0.010676156583629894,0.007142857142857143,0.007168458781362007,0.0,0.0,0.0,0.0,0.0,0.0,0.0,0.0,0.0,0.0,0.0,0.0,0.0,0.0,0.0,0.0,0.0,0.0,0.0,0.0,0.0,0.0,0.0,0.0,0.0,0.0,0.0,0.0,0.0,0.0,0.0,0.0,0.0,0.0,0.0,0.0,0.0
2338,0.13921917800907999,0.052845528455284556,0.06,0.06666666666666667,0.07171314741035857,0.07874015748031496,0.08203125,0.07905138339920949,0.06324110671936758,0.046153846153846156,0.03543307086614173,0.036,0.012,0.015748031496062992,0.01568627450980392,0.008,0.008032128514056224,0.00784313725490196,0.0078125,0.007874015748031496,0.007874015748031496,0.00390625,0.0038910505836575876,0.007722007722007722,0.007662835249042145,0.0038910505836575876,0.01171875,0.015625,0.015873015873015872,0.015810276679841896,0.015384615384615385,0.01556420233463035,0.015810276679841896,0.01606425702811245,0.01606425702811245,0.011857707509881422,0.007782101167315175,0.007751937984496124,0.0076045627376425855,0.011278195488721804,0.018315018315018316,0.018315018315018316,0.01818181818181818,0.01858736059479554,0.018518518518518517,0.014814814814814815,0.014705882352941176,0.014545454545454545,0.007352941176470588,0.0,0.0,0.0,0.0,0.0,0.0,0.0,0.0,0.0,0.0,0.0,0.0,0.0,0.0,0.0,0.0,0.0,0.0
7142,0.16399369628634303,0.0625,0.06278026905829596,0.06607929515418502,0.08296943231441048,0.10043668122270742,0.1350210970464135,0.14937759336099585,0.1446280991735537,0.15126050420168066,0.13445378151260504,0.10975609756097561,0.0963855421686747,0.08536585365853659,0.056451612903225805,0.035856573705179286,0.027450980392156862,0.02702702702702703,0.015810276679841896,0.007905138339920948,0.0,0.0,0.0,0.0,0.0,0.0,0.0,0.0,0.0,0.0,0.0,0.0,0.0,0.0,0.0,0.0,0.0,0.0,0.0,0.0,0.0,0.0,0.0,0.0,0.0,0.0,0.0,0.0,0.0,0.0,0.0,0.0,0.0,0.0,0.0,0.0,0.0,0.0,0.0,0.0,0.0,0.0,0.0,0.0,0.0,0.0,0.0
3770,0.162850002315827,0.15636363636363637,0.17454545454545456,0.21942446043165467,0.2210144927536232,0.21611721611721613,0.20802919708029197,0.20802919708029197,0.19927536231884058,0.2116788321167883,0.18450184501845018,0.14492753623188406,0.14130434782608695,0.11721611721611722,0.10507246376811594,0.08928571428571429,0.08098591549295775,0.06093189964157706,0.051094890510948905,0.036101083032490974,0.01818181818181818,0.007220216606498195,0.0036231884057971015,0.0036363636363636364,0.0,0.0,0.0,0.0,0.0,0.0,0.0,0.0,0.0,0.0,0.0,0.0,0.0,0.0,0.0,0.0,0.0,0.0,0.0,0.0,0.0,0.0,0.0,0.0,0.0,0.0,0.0,0.0,0.0,0.0,0.0,0.0,0.0,0.0,0.0,0.0,0.0,0.0,0.0,0.0,0.0,0.0,0.0
6113,0.0823267433210276,0.028368794326241134,0.024822695035460994,0.025454545454545455,0.01838235294117647,0.007272727272727273,0.014814814814814815,0.02214022140221402,0.029304029304029304,0.025830258302583026,0.03690036900369004,0.0364963503649635,0.040293040293040296,0.04,0.036101083032490974,0.03345724907063197,0.02952029520295203,0.021739130434782608,0.014652014652014652,0.007246376811594203,0.0035971223021582736,0.0,0.0,0.0,0.0,0.0,0.0,0.0,0.0,0.0,0.0,0.0,0.0,0.0,0.0,0.0,0.0035971223021582736,0.007246376811594203,0.01107011070110701,0.010948905109489052,0.01098901098901099,0.014760147601476014,0.014388489208633094,0.014598540145985401,0.011111111111111112,0.011406844106463879,0.011029411764705883,0.003676470588235294,0.0,0.0,0.0,0.0,0.0,0.0,0.0,0.0,0.0,0.0,0.0,0.0,0.0,0.0,0.0,0.0,0.0,0.0,0.0
5548,0.18989378992701,0.25842696629213485,0.31203007518796994,0.38113207547169814,0.39846743295019155,0.3716475095785441,0.376425855513308,0.3533834586466165,0.299625468164794,0.22761194029850745,0.17647058823529413,0.12903225806451613,0.11913357400722022,0.09454545454545454,0.08088235294117647,0.06343283582089553,0.05223880597014925,0.04460966542750929,0.040740740740740744,0.0364963503649635,0.03663003663003663,0.025830258302583026,0.014598540145985401,0.014598540145985401,0.007407407407407408,0.007547169811320755,0.007633587786259542,0.0038461538461538464,0.0038461538461538464,0.0,0.0,0.0,0.0,0.0,0.0,0.0,0.0,0.0,0.0,0.0,0.0,0.0,0.0,0.0,0.0,0.0,0.0,0.0,0.0,0.0,0.0,0.0,0.0,0.0,0.0,0.0,0.0,0.0,0.0,0.0,0.0,0.0,0.0,0.0,0.0,0.0,0.0
5634,0.0530945244827308,0.03942652329749104,0.04316546762589928,0.04693140794223827,0.03296703296703297,0.036231884057971016,0.035842293906810034,0.035842293906810034,0.025179856115107913,0.024734982332155476,0.014492753623188406,0.01098901098901099,0.01098901098901099,0.007352941176470588,0.003703703703703704,0.0,0.0,0.0,0.0,0.0,0.0,0.0,0.0,0.0,0.0,0.0,0.0,0.0,0.0,0.0,0.0,0.0,0.0,0.0,0.0,0.0,0.0,0.0,0.0,0.0,0.0,0.0,0.0,0.0,0.0,0.0,0.0,0.0,0.0,0.0,0.0,0.0,0.0,0.0,0.0,0.0,0.0,0.0,0.0,0.0,0.0,0.0,0.0,0.0,0.0,0.0,0.0
4880,0.20691954896319698,0.1962962962962963,0.24344569288389514,0.30566037735849055,0.36704119850187267,0.3985239852398524,0.44029850746268656,0.4358974358974359,0.40892193308550184,0.3800738007380074,0.32342007434944237,0.2744360902255639,0.23247232472324722,0.20676691729323307,0.1685823754789272,0.1556420233463035,0.1482889733840304,0.13307984790874525,0.12692307692307692,0.13178294573643412,0.11673151750972763,0.10465116279069768,0.07874015748031496,0.07509881422924901,0.05533596837944664,0.047619047619047616,0.03543307086614173,0.023622047244094488,0.016,0.007936507936507936,0.016260162601626018,0.02040816326530612,0.046218487394957986,0.0502092050209205,0.058577405857740586,0.06751054852320675,0.06722689075630252,0.06722689075630252,0.04979253112033195,0.051587301587301584,0.054474708171206226,0.05019305019305019,0.03745318352059925,0.03745318352059925,0.033582089552238806,0.022388059701492536,0.007518796992481203,0.007633587786259542,0.0038314176245210726,0.0,0.0,0.0,0.0,0.0,0.0,0.0,0.0,0.0,0.0,0.0,0.0,0.0,0.0,0.0,0.0,0.0,0.0
670,0.21068018006044395,0.12307692307692308,0.1607843137254902,0.2364341085271318,0.2734375,0.296875,0.33203125,0.35968379446640314,0.3463035019455253,0.33852140077821014,0.34099616858237547,0.35384615384615387,0.3524904214559387,0.31800766283524906,0.29056603773584905,0.299625468164794,0.32209737827715357,0.30337078651685395,0.26717557251908397,0.25,0.24714828897338403,0.2339622641509434,0.20754716981132076,0.18461538461538463,0.17120622568093385,0.15267175572519084,0.15267175572519084,0.13076923076923078,0.1111111111111111,0.0842911877394636,0.06923076923076923,0.057034220532319393,0.03474903474903475,0.03488372093023256,0.042801556420233464,0.038314176245210725,0.054901960784313725,0.06177606177606178,0.07782101167315175,0.08076923076923077,0.0888030888030888,0.08846153846153847,0.08015267175572519,0.07547169811320754,0.06463878326996197,0.038461538461538464,0.022727272727272728,0.015444015444015444,0.022641509433962263,0.0299625468164794,0.029304029304029304,0.044444444444444446,0.04460966542750929,0.04887218045112782,0.05660377358490566,0.060836501901140684,0.06844106463878327,0.0694980694980695,0.06153846153846154,0.06692913385826772,0.07905138339920949,0.11646586345381527,0.16334661354581673,0.23715415019762845,0.39015151515151514,0.5229007633587787,0.6771653543307087
32,0.135375344351633,0.05791505791505792,0.045283018867924525,0.023076923076923078,0.031496062992125984,0.027559055118110236,0.027237354085603113,0.027450980392156862,0.023715415019762844,0.015748031496062992,0.011494252873563218,0.0,0.0,0.0,0.0,0.0,0.0,0.0,0.0,0.0,0.0,0.0,0.0,0.0,0.0,0.0,0.0,0.0,0.0,0.0,0.0,0.0,0.0,0.0,0.0,0.0,0.0,0.0,0.0,0.0,0.0,0.0,0.0,0.0,0.0,0.0,0.0,0.0,0.0,0.0,0.0,0.0,0.0,0.0,0.0,0.0,0.0,0.0,0.0,0.0,0.0,0.0,0.0,0.0,0.0,0.0,0.0
3727,0.176649354683468,0.020491803278688523,0.02066115702479339,0.02066115702479339,0.03305785123966942,0.03734439834024896,0.05327868852459016,0.048582995951417005,0.05263157894736842,0.05241935483870968,0.04819277108433735,0.04878048780487805,0.04048582995951417,0.06147540983606557,0.06504065040650407,0.0728744939271255,0.04878048780487805,0.044897959183673466,0.04081632653061224,0.028455284552845527,0.020161290322580645,0.008064516129032258,0.007905138339920948,0.00796812749003984,0.0,0.0,0.0,0.0,0.0,0.0,0.0,0.0,0.0,0.0,0.0,0.0,0.0,0.0,0.0,0.0,0.0,0.0,0.0,0.0,0.0,0.0,0.0,0.0,0.0,0.0,0.0,0.0,0.0,0.0,0.0,0.0,0.0,0.0,0.0,0.0,0.0,0.0,0.0,0.0,0.0,0.0,0.0
1799,0.125641050346894,0.023166023166023165,0.026923076923076925,0.030534351145038167,0.034220532319391636,0.034482758620689655,0.03474903474903475,0.0390625,0.03474903474903475,0.02702702702702703,0.019230769230769232,0.015503875968992248,0.015503875968992248,0.011627906976744186,0.01556420233463035,0.015748031496062992,0.015503875968992248,0.018726591760299626,0.02973977695167286,0.041044776119402986,0.05185185185185185,0.05166051660516605,0.055350553505535055,0.051094890510948905,0.041044776119402986,0.040740740740740744,0.0299625468164794,0.011278195488721804,0.0037735849056603774,0.0,0.0,0.0,0.0,0.0,0.0,0.0,0.0,0.0,0.0,0.0,0.0,0.0,0.0,0.0,0.0,0.0,0.0,0.0,0.0,0.0,0.0,0.0,0.0,0.0,0.0,0.0,0.0,0.0,0.0,0.0,0.0,0.0,0.0,0.0,0.0,0.0,0.0
9202,0.21330270447651897,0.024096385542168676,0.036734693877551024,0.04780876494023904,0.05511811023622047,0.078125,0.08333333333333333,0.0873015873015873,0.09803921568627451,0.10894941634241245,0.12062256809338522,0.11969111969111969,0.11787072243346007,0.11235955056179775,0.10074626865671642,0.08015267175572519,0.06130268199233716,0.04961832061068702,0.038910505836575876,0.027237354085603113,0.011904761904761904,0.00390625,0.003875968992248062,0.0,0.0,0.0,0.0,0.0,0.0,0.0,0.0,0.0,0.0,0.0,0.0,0.0,0.0,0.0,0.0,0.0,0.0,0.0,0.0,0.0,0.0,0.0,0.0,0.0,0.0,0.0,0.0,0.0,0.0,0.0,0.0,0.0,0.0,0.0,0.0,0.0,0.0,0.0,0.0,0.0,0.0,0.0,0.0
6034,0.19881579310167602,0.07518796992481203,0.08178438661710037,0.09558823529411764,0.0959409594095941,0.09352517985611511,0.11307420494699646,0.12152777777777778,0.13494809688581316,0.12152777777777778,0.1016949152542373,0.08754208754208755,0.0707070707070707,0.06020066889632107,0.04,0.02622950819672131,0.013201320132013201,0.009836065573770493,0.003355704697986577,0.003355704697986577,0.0,0.0,0.0,0.0,0.0,0.0,0.0,0.0,0.0,0.0,0.0,0.0,0.0,0.0,0.0,0.0,0.0,0.0,0.0,0.0,0.0,0.0,0.0,0.0,0.0,0.0,0.0,0.0,0.0,0.0,0.0,0.0,0.0,0.0,0.0,0.0,0.0,0.0,0.0,0.0,0.0,0.0,0.0,0.0,0.0,0.0,0.0
9628,0.15454538346966698,0.11290322580645161,0.13008130081300814,0.15384615384615385,0.15637860082304528,0.15289256198347106,0.16597510373443983,0.14516129032258066,0.12350597609561753,0.11811023622047244,0.11155378486055777,0.0984251968503937,0.08333333333333333,0.09019607843137255,0.0984251968503937,0.11336032388663968,0.10483870967741936,0.0967741935483871,0.10526315789473684,0.0846774193548387,0.06324110671936758,0.06153846153846154,0.05384615384615385,0.04580152671755725,0.05019305019305019,0.04182509505703422,0.03773584905660377,0.04263565891472868,0.03937007874015748,0.03474903474903475,0.038314176245210725,0.041353383458646614,0.033582089552238806,0.041044776119402986,0.025830258302583026,0.026119402985074626,0.022222222222222223,0.018867924528301886,0.01532567049808429,0.015209125475285171,0.007662835249042145,0.003816793893129771,0.003787878787878788,0.0,0.0,0.0,0.0,0.0,0.0,0.0,0.0,0.0,0.0,0.0,0.0,0.0,0.0,0.0,0.0,0.0,0.0,0.0,0.0,0.0,0.0,0.0,0.0
8772,0.11913681750302199,0.018315018315018316,0.017985611510791366,0.0072992700729927005,0.007407407407407408,0.007380073800738007,0.0,0.0036101083032490976,0.007380073800738007,0.007462686567164179,0.018518518518518517,0.02909090909090909,0.035842293906810034,0.039568345323741004,0.03985507246376811,0.04693140794223827,0.03914590747330961,0.0425531914893617,0.036101083032490974,0.025179856115107913,0.02158273381294964,0.02127659574468085,0.01056338028169014,0.010676156583629894,0.0071174377224199285,0.0071174377224199285,0.007194244604316547,0.0036231884057971015,0.0035714285714285713,0.0,0.0,0.0,0.0,0.0,0.0,0.0,0.0,0.0,0.0,0.0,0.0,0.0,0.0,0.0,0.0,0.0,0.0,0.0,0.0,0.0,0.0,0.0,0.0,0.0,0.0,0.0,0.0,0.0,0.0,0.0,0.0,0.0,0.0,0.0,0.0,0.0,0.0
7622,0.135203898948384,0.045283018867924525,0.041353383458646614,0.034482758620689655,0.023255813953488372,0.019157088122605363,0.015151515151515152,0.0149812734082397,0.011494252873563218,0.007722007722007722,0.007751937984496124,0.0038314176245210726,0.0,0.0,0.0,0.0,0.0,0.0,0.0,0.0,0.0,0.0,0.0,0.0,0.0,0.0,0.0,0.0,0.0,0.0,0.0,0.0,0.0,0.0,0.0,0.0,0.0,0.0,0.0,0.0,0.0,0.0,0.0,0.0,0.0,0.0,0.0,0.0,0.0,0.0,0.0,0.0,0.0,0.0,0.0,0.0,0.0,0.0,0.0,0.0,0.0,0.0,0.0,0.0,0.0,0.0,0.0
5373,0.123053161159623,0.11462450592885376,0.11811023622047244,0.13385826771653545,0.128,0.136,0.148,0.17269076305220885,0.16666666666666666,0.1517509727626459,0.13565891472868216,0.11153846153846154,0.1015625,0.08949416342412451,0.058823529411764705,0.03937007874015748,0.04330708661417323,0.03501945525291829,0.02734375,0.019083969465648856,0.01532567049808429,0.011278195488721804,0.0037174721189591076,0.0036900369003690036,0.003663003663003663,0.0037174721189591076,0.0,0.0,0.0,0.0,0.0,0.0,0.0,0.0,0.0,0.0,0.0,0.0,0.0,0.0,0.0,0.0,0.0,0.0,0.0,0.0,0.0,0.0,0.0,0.0,0.0,0.0,0.0,0.0,0.0,0.0,0.0,0.0,0.0,0.0,0.0,0.0,0.0,0.0,0.0,0.0,0.0
9961,0.203306418564171,0.10424710424710425,0.09541984732824428,0.10465116279069768,0.09302325581395349,0.09411764705882353,0.09090909090909091,0.0873015873015873,0.07480314960629922,0.03968253968253968,0.0326530612244898,0.01606425702811245,0.011904761904761904,0.01968503937007874,0.023715415019762844,0.031496062992125984,0.043137254901960784,0.046153846153846156,0.06589147286821706,0.06923076923076923,0.08045977011494253,0.07547169811320754,0.08712121212121213,0.08679245283018867,0.10305343511450382,0.1,0.1037037037037037,0.12267657992565056,0.13011152416356878,0.14652014652014653,0.16906474820143885,0.1595744680851064,0.1588447653429603,0.16666666666666666,0.17921146953405018,0.15734265734265734,0.17708333333333334,0.17894736842105263,0.17543859649122806,0.19014084507042253,0.16433566433566432,0.16140350877192983,0.1360544217687075,0.10616438356164383,0.09473684210526316,0.08710801393728224,0.10104529616724739,0.09473684210526316,0.09187279151943463,0.09187279151943463,0.08480565371024736,0.10211267605633803,0.09824561403508772,0.09655172413793103,0.10996563573883161,0.09688581314878893,0.08680555555555555,0.07586206896551724,0.0798611111111111,0.08503401360544217,0.0576271186440678,0.04778156996587031,0.04081632653061224,0.05136986301369863,0.049342105263157895,0.10264900662251655,0.18092105263157895
4904,0.218926962738624,0.07434944237918216,0.07547169811320754,0.09328358208955224,0.11152416356877323,0.11895910780669144,0.12359550561797752,0.12359550561797752,0.11742424242424243,0.12927756653992395,0.1169811320754717,0.10112359550561797,0.08955223880597014,0.07196969696969698,0.04924242424242424,0.04263565891472868,0.027237354085603113,0.015625,0.015037593984962405,0.007326007326007326,0.003663003663003663,0.0036101083032490976,0.0035842293906810036,0.0,0.0,0.0,0.0,0.0,0.0,0.0,0.0,0.0,0.0,0.0,0.0,0.0,0.0,0.0,0.0,0.0,0.0,0.0,0.0,0.0,0.0,0.0,0.0,0.0,0.0,0.0,0.0,0.0,0.0,0.0,0.0,0.0,0.0,0.0,0.0,0.0,0.0,0.0,0.0,0.0,0.0,0.0,0.0
8571,0.12470816554850901,0.052,0.03529411764705882,0.0398406374501992,0.03162055335968379,0.03614457831325301,0.03543307086614173,0.036,0.019762845849802372,0.027559055118110236,0.027450980392156862,0.036290322580645164,0.043824701195219126,0.03937007874015748,0.038910505836575876,0.031007751937984496,0.03435114503816794,0.038461538461538464,0.030303030303030304,0.026022304832713755,0.01845018450184502,0.0149812734082397,0.011194029850746268,0.011278195488721804,0.00749063670411985,0.007462686567164179,0.0037735849056603774,0.0076045627376425855,0.003745318352059925,0.0,0.0,0.0,0.0,0.0,0.0,0.0,0.0,0.0,0.0,0.0,0.0,0.0,0.0,0.0,0.0,0.0,0.0,0.0,0.0,0.0,0.0,0.0,0.0,0.0,0.0,0.0,0.0,0.0,0.0,0.0,0.0,0.0,0.0,0.0,0.0,0.0,0.0
1097,0.192173511179863,0.12355212355212356,0.15,0.15503875968992248,0.1821705426356589,0.18992248062015504,0.2099236641221374,0.20532319391634982,0.23193916349809887,0.2441860465116279,0.23622047244094488,0.22709163346613545,0.212,0.18110236220472442,0.1843137254901961,0.1953125,0.15444015444015444,0.14671814671814673,0.13147410358565736,0.12109375,0.11583011583011583,0.11494252873563218,0.12927756653992395,0.12830188679245283,0.1282051282051282,0.12454212454212454,0.10948905109489052,0.09022556390977443,0.06870229007633588,0.05791505791505792,0.06844106463878327,0.06130268199233716,0.08076923076923077,0.10566037735849057,0.11235955056179775,0.10112359550561797,0.10150375939849623,0.10486891385767791,0.10526315789473684,0.10150375939849623,0.09737827715355805,0.08646616541353383,0.08759124087591241,0.061371841155234655,0.06569343065693431,0.05755395683453238,0.05338078291814947,0.05517241379310345,0.05944055944055944,0.06968641114982578,0.07586206896551724,0.09059233449477352,0.08275862068965517,0.08275862068965517,0.07586206896551724,0.08191126279863481,0.08503401360544217,0.08934707903780069,0.07560137457044673,0.06802721088435375,0.0738255033557047,0.0802675585284281,0.07744107744107744,0.0738255033557047,0.08012820512820513,0.11254019292604502,0.17197452229299362
4795,0.0534638973709662,0.007662835249042145,0.007782101167315175,0.0038910505836575876,0.007692307692307693,0.0078125,0.00784313725490196,0.0078125,0.011764705882352941,0.01171875,0.011583011583011582,0.011494252873563218,0.00749063670411985,0.007575757575757576,0.003861003861003861,0.0038022813688212928,0.0,0.0,0.0,0.0,0.0,0.0,0.0,0.0,0.0,0.0,0.0,0.0,0.0,0.0,0.0,0.0,0.0,0.0,0.0,0.0,0.0,0.0,0.0,0.0,0.0,0.0,0.0,0.0,0.0,0.0,0.0,0.0,0.0,0.0,0.0,0.0,0.0,0.0,0.0,0.0,0.0,0.0,0.0,0.0,0.0,0.0,0.0,0.0,0.0,0.0,0.0
202,0.158362218027469,0.038314176245210725,0.034482758620689655,0.03875968992248062,0.046875,0.04263565891472868,0.04633204633204633,0.0421455938697318,0.03861003861003861,0.030534351145038167,0.023076923076923078,0.019230769230769232,0.01937984496124031,0.015748031496062992,0.015503875968992248,0.003968253968253968,0.004098360655737705,0.0,0.0,0.0,0.0,0.0,0.0,0.0,0.0,0.0,0.0,0.0,0.0,0.0,0.0,0.0,0.0,0.0,0.0,0.0,0.0,0.0,0.0,0.0,0.0,0.0,0.0,0.0,0.0,0.0,0.0,0.0,0.0,0.0,0.0,0.0,0.0,0.0,0.0,0.0,0.0,0.0,0.0,0.0,0.0,0.0,0.0,0.0,0.0,0.0,0.0
1528,0.22183850745786898,0.05343511450381679,0.057034220532319393,0.07518796992481203,0.07196969696969698,0.07279693486590039,0.08461538461538462,0.07547169811320754,0.07575757575757576,0.08396946564885496,0.06538461538461539,0.060836501901140684,0.055970149253731345,0.06642066420664207,0.07169811320754717,0.08239700374531835,0.08058608058608059,0.09712230215827339,0.12274368231046931,0.1371841155234657,0.15217391304347827,0.1827956989247312,0.19424460431654678,0.2,0.21611721611721613,0.23507462686567165,0.22388059701492538,0.22813688212927757,0.20973782771535582,0.1948529411764706,0.20437956204379562,0.17712177121771217,0.16104868913857678,0.15073529411764705,0.16058394160583941,0.13454545454545455,0.14963503649635038,0.15018315018315018,0.13043478260869565,0.1282051282051282,0.09523809523809523,0.08487084870848709,0.08823529411764706,0.07608695652173914,0.06859205776173286,0.05054151624548736,0.0353356890459364,0.031578947368421054,0.031141868512110725,0.027972027972027972,0.017857142857142856,0.007042253521126761,0.006968641114982578,0.0,0.0,0.0,0.0,0.0,0.0,0.0,0.0,0.0,0.0,0.0,0.0,0.0,0.0
1638,0.12955703112529598,0.06550218340611354,0.084070796460177,0.10869565217391304,0.10683760683760683,0.10548523206751055,0.12236286919831224,0.11063829787234042,0.10256410256410256,0.10212765957446808,0.09282700421940929,0.07531380753138076,0.05439330543933055,0.036885245901639344,0.028112449799196786,0.012195121951219513,0.012096774193548387,0.011811023622047244,0.004048582995951417,0.0,0.0,0.0,0.0,0.0,0.0,0.0,0.0,0.0,0.0,0.0,0.0,0.0,0.0,0.0,0.0,0.0,0.0,0.0,0.0,0.0,0.0,0.0,0.0,0.0,0.0,0.0,0.0,0.0,0.0,0.0,0.0,0.0,0.0,0.0,0.0,0.0,0.0,0.0,0.0,0.0,0.0,0.0,0.0,0.0,0.0,0.0,0.0
6316,0.0907958158291876,0.03571428571428571,0.03914590747330961,0.03225806451612903,0.03597122302158273,0.03859649122807018,0.03180212014134275,0.02768166089965398,0.013888888888888888,0.010380622837370242,0.006944444444444444,0.003484320557491289,0.0,0.0,0.0,0.0,0.0,0.0,0.0,0.0,0.0,0.0,0.0,0.0,0.0,0.0,0.0,0.0,0.0,0.0,0.0,0.0,0.0,0.0,0.0,0.0,0.0,0.0,0.0,0.0,0.0,0.0,0.0,0.0,0.0,0.0,0.0,0.0,0.0,0.0,0.0,0.0,0.0,0.0,0.0,0.0,0.0,0.0,0.0,0.0,0.0,0.0,0.0,0.0,0.0,0.0,0.0
9584,0.190669255709508,0.116,0.1285140562248996,0.17886178861788618,0.18951612903225806,0.1968503937007874,0.20689655172413793,0.20754716981132076,0.19029850746268656,0.18421052631578946,0.1444866920152091,0.11363636363636363,0.07196969696969698,0.04961832061068702,0.0390625,0.023809523809523808,0.0199203187250996,0.02032520325203252,0.012096774193548387,0.008130081300813009,0.007905138339920948,0.003968253968253968,0.0,0.0,0.0,0.0,0.0,0.0,0.0,0.0,0.0,0.0,0.0,0.0,0.0,0.0,0.0,0.0,0.0,0.0,0.0,0.0,0.0,0.0,0.0,0.0,0.0,0.0,0.0,0.0,0.0,0.0,0.0,0.0,0.0,0.0,0.0,0.0,0.0,0.0,0.0,0.0,0.0,0.0,0.0,0.0,0.0
3002,0.118118875048822,0.0946969696969697,0.10305343511450382,0.11538461538461539,0.11067193675889328,0.10894941634241245,0.1417910447761194,0.14285714285714285,0.13805970149253732,0.12927756653992395,0.10566037735849057,0.07251908396946564,0.06415094339622641,0.04797047970479705,0.0364963503649635,0.02952029520295203,0.014760147601476014,0.007462686567164179,0.0,0.0,0.0,0.0,0.0,0.0,0.0,0.0,0.0,0.0,0.0,0.0,0.0,0.0,0.0,0.0,0.0,0.0,0.0,0.0,0.0,0.0,0.0,0.0,0.0,0.0,0.0,0.0,0.0,0.0,0.0,0.0,0.0,0.0,0.0,0.0,0.0,0.0,0.0,0.0,0.0,0.0,0.0,0.0,0.0,0.0,0.0,0.0,0.0
3821,0.18581274797325,0.1487603305785124,0.16260162601626016,0.17695473251028807,0.16872427983539096,0.1506276150627615,0.15163934426229508,0.14979757085020243,0.14344262295081966,0.1214574898785425,0.0995850622406639,0.07818930041152264,0.06557377049180328,0.05394190871369295,0.04938271604938271,0.037815126050420166,0.046413502109704644,0.05485232067510549,0.059574468085106386,0.05172413793103448,0.04310344827586207,0.03862660944206009,0.030042918454935622,0.021645021645021644,0.016877637130801686,0.012345679012345678,0.008333333333333333,0.004149377593360996,0.0,0.0,0.0,0.0,0.0,0.0,0.0,0.0,0.0,0.0,0.0,0.0,0.0,0.0,0.0,0.0,0.0,0.0,0.0,0.0,0.0,0.0,0.0,0.0,0.0,0.0,0.0,0.0,0.0,0.0,0.0,0.0,0.0,0.0,0.0,0.0,0.0,0.0,0.0
1389,0.187754402996507,0.06666666666666667,0.05485232067510549,0.05555555555555555,0.04741379310344827,0.0379746835443038,0.03418803418803419,0.04583333333333333,0.05508474576271186,0.06382978723404255,0.06276150627615062,0.0625,0.056910569105691054,0.058577405857740586,0.05785123966942149,0.05785123966942149,0.05785123966942149,0.04065040650406504,0.044534412955465584,0.036290322580645164,0.032388663967611336,0.035856573705179286,0.03937007874015748,0.047619047619047616,0.06349206349206349,0.0796812749003984,0.09019607843137255,0.0916030534351145,0.09541984732824428,0.10276679841897234,0.10276679841897234,0.10756972111553785,0.11155378486055777,0.12048192771084337,0.125,0.11155378486055777,0.10714285714285714,0.12749003984063745,0.16015625,0.15444015444015444,0.16279069767441862,0.17624521072796934,0.17870722433460076,0.1856060606060606,0.17164179104477612,0.17537313432835822,0.16974169741697417,0.16296296296296298,0.17164179104477612,0.15849056603773584,0.155893536121673,0.1647940074906367,0.16226415094339622,0.16853932584269662,0.12547528517110265,0.09125475285171103,0.06367041198501873,0.05970149253731343,0.040892193308550186,0.02962962962962963,0.018656716417910446,0.011320754716981131,0.00749063670411985,0.0037735849056603774,0.0,0.0,0.0
570,0.183910360315349,0.07755102040816327,0.10504201680672269,0.12916666666666668,0.13559322033898305,0.13025210084033614,0.12552301255230125,0.125,0.13524590163934427,0.11020408163265306,0.0963855421686747,0.07630522088353414,0.05511811023622047,0.03968253968253968,0.015748031496062992,0.003937007874015748,0.00390625,0.00392156862745098,0.003861003861003861,0.0,0.0,0.0,0.0,0.0,0.0,0.0,0.0,0.0,0.0,0.0,0.0,0.0,0.0,0.0,0.0,0.0,0.0,0.0,0.0,0.0,0.0,0.0,0.0,0.0,0.0,0.0,0.0,0.0,0.0,0.0,0.0,0.0,0.0,0.0,0.0,0.0,0.0,0.0,0.0,0.0,0.0,0.0,0.0,0.0,0.0,0.0,0.0
3368,0.10322332977666498,0.007692307692307693,0.011583011583011582,0.011673151750972763,0.007722007722007722,0.007782101167315175,0.007722007722007722,0.00749063670411985,0.0037735849056603774,0.0037593984962406013,0.003787878787878788,0.0,0.0,0.0,0.0,0.0,0.0,0.0,0.0,0.0,0.0,0.0,0.0,0.0,0.0,0.0,0.0,0.0,0.0,0.0,0.0,0.0,0.0,0.0,0.0,0.0,0.0,0.0,0.0,0.0,0.0,0.0,0.0,0.0,0.0,0.0,0.0,0.0,0.0,0.0,0.0,0.0,0.0,0.0,0.0,0.0,0.0,0.0,0.0,0.0,0.0,0.0,0.0,0.0,0.0,0.0,0.0
6269,0.198515557392966,0.0749063670411985,0.11764705882352941,0.149812734082397,0.20146520146520147,0.2391304347826087,0.2846715328467153,0.2971014492753623,0.2988929889298893,0.31365313653136534,0.2977941176470588,0.27472527472527475,0.23076923076923078,0.2074074074074074,0.1875,0.1647940074906367,0.13962264150943396,0.12830188679245283,0.09541984732824428,0.08812260536398467,0.08778625954198473,0.08679245283018867,0.08614232209737828,0.08333333333333333,0.056818181818181816,0.052434456928838954,0.04477611940298507,0.03731343283582089,0.010948905109489052,0.0036496350364963502,0.0036363636363636364,0.003663003663003663,0.0,0.0,0.0,0.0,0.0,0.0,0.0,0.0,0.0,0.0,0.0,0.0,0.0,0.0,0.0,0.0,0.0,0.0,0.0,0.0,0.0,0.0,0.0,0.0,0.0,0.0,0.0,0.0,0.0,0.0,0.0,0.0,0.0,0.0,0.0
1550,0.139463045849698,0.176,0.18725099601593626,0.20948616600790515,0.22393822393822393,0.23484848484848486,0.24521072796934865,0.22433460076045628,0.2423076923076923,0.2222222222222222,0.2,0.20152091254752852,0.18796992481203006,0.18352059925093633,0.16176470588235295,0.13309352517985612,0.10714285714285714,0.09574468085106383,0.10247349823321555,0.07692307692307693,0.07719298245614035,0.052083333333333336,0.044673539518900345,0.03389830508474576,0.030100334448160536,0.02027027027027027,0.020066889632107024,0.020066889632107024,0.013289036544850499,0.006578947368421052,0.0033112582781456954,0.003289473684210526,0.003257328990228013,0.0032258064516129032,0.0,0.0,0.0,0.0,0.0,0.0,0.0,0.0,0.0,0.0,0.0,0.0,0.0,0.0,0.0,0.0,0.0,0.0,0.0,0.0,0.0,0.0,0.0,0.0,0.0,0.0,0.0,0.0,0.0,0.0,0.0,0.0,0.0
778,0.15565898531931502,0.0933852140077821,0.11068702290076336,0.1297709923664122,0.13026819923371646,0.13584905660377358,0.13358778625954199,0.137546468401487,0.10852713178294573,0.10276679841897234,0.09689922480620156,0.06563706563706563,0.06538461538461539,0.05725190839694656,0.05639097744360902,0.05204460966542751,0.03676470588235294,0.02888086642599278,0.02527075812274368,0.018115942028985508,0.011029411764705883,0.007380073800738007,0.007380073800738007,0.007326007326007326,0.007462686567164179,0.007518796992481203,0.011111111111111112,0.02197802197802198,0.03985507246376811,0.04727272727272727,0.0625,0.07636363636363637,0.07971014492753623,0.06093189964157706,0.061371841155234655,0.05415162454873646,0.043795620437956206,0.04,0.0364963503649635,0.03663003663003663,0.022058823529411766,0.029304029304029304,0.021739130434782608,0.03237410071942446,0.032846715328467155,0.03333333333333333,0.030303030303030304,0.034482758620689655,0.030534351145038167,0.026415094339622643,0.018726591760299626,0.025925925925925925,0.02909090909090909,0.036101083032490974,0.04642857142857143,0.05357142857142857,0.05714285714285714,0.06382978723404255,0.07092198581560284,0.07692307692307693,0.07612456747404844,0.09187279151943463,0.1267605633802817,0.14590747330960854,0.2262295081967213,0.32362459546925565,0.4491803278688525
5650,0.154732616845285,0.09252669039145907,0.08214285714285714,0.10144927536231885,0.099644128113879,0.11870503597122302,0.11956521739130435,0.11071428571428571,0.11307420494699646,0.13986013986013987,0.14487632508833923,0.13333333333333333,0.12802768166089964,0.11458333333333333,0.09507042253521127,0.07636363636363637,0.06593406593406594,0.05474452554744526,0.05185185185185185,0.03333333333333333,0.03333333333333333,0.02214022140221402,0.02197802197802198,0.01079136690647482,0.010830324909747292,0.010714285714285714,0.0035714285714285713,0.0,0.0,0.0,0.0,0.0,0.0,0.0,0.0,0.0,0.0,0.0,0.0,0.0,0.0,0.0,0.0,0.0,0.0,0.0,0.0,0.0,0.0,0.0,0.0,0.0,0.0,0.0,0.0,0.0,0.0,0.0,0.0,0.0,0.0,0.0,0.0,0.0,0.0,0.0,0.0
2860,0.19808774844277602,0.012605042016806723,0.008333333333333333,0.004132231404958678,0.004166666666666667,0.004149377593360996,0.0,0.0,0.0,0.0,0.0,0.0,0.008064516129032258,0.00819672131147541,0.008130081300813009,0.008064516129032258,0.012295081967213115,0.0163265306122449,0.02040816326530612,0.024291497975708502,0.024,0.024096385542168676,0.04365079365079365,0.051181102362204724,0.08914728682170543,0.10038610038610038,0.10116731517509728,0.1274131274131274,0.15413533834586465,0.18076923076923077,0.19924812030075187,0.18587360594795538,0.2087912087912088,0.22382671480144403,0.23272727272727273,0.24731182795698925,0.3140794223826715,0.32234432234432236,0.3295880149812734,0.3576923076923077,0.3320610687022901,0.3484848484848485,0.32954545454545453,0.3068181818181818,0.2633587786259542,0.24444444444444444,0.20588235294117646,0.1992619926199262,0.19413919413919414,0.18411552346570398,0.16606498194945848,0.17883211678832117,0.19117647058823528,0.1828358208955224,0.16853932584269662,0.15471698113207547,0.13857677902621723,0.13857677902621723,0.12727272727272726,0.08856088560885608,0.0989010989010989,0.12962962962962962,0.16483516483516483,0.22962962962962963,0.3263888888888889,0.4623287671232877,0.625
4680,0.125013959902572,0.06938775510204082,0.05668016194331984,0.056,0.08366533864541832,0.09163346613545817,0.0992063492063492,0.09881422924901186,0.092,0.08979591836734693,0.09465020576131687,0.08979591836734693,0.06224066390041494,0.04819277108433735,0.024193548387096774,0.02390438247011952,0.02,0.011904761904761904,0.003968253968253968,0.00398406374501992,0.003968253968253968,0.0,0.0,0.0,0.0,0.0,0.0,0.0,0.0,0.0,0.0,0.0,0.0,0.0,0.0,0.0,0.0,0.0,0.0,0.0,0.0,0.0,0.0,0.0,0.0,0.0,0.0,0.0,0.0,0.0,0.0,0.0,0.0,0.0,0.0,0.0,0.0,0.0,0.0,0.0,0.0,0.0,0.0,0.0,0.0,0.0,0.0
4706,0.14765982801909602,0.08633093525179857,0.07829181494661921,0.0967741935483871,0.09285714285714286,0.1048951048951049,0.11888111888111888,0.11458333333333333,0.0989399293286219,0.09621993127147767,0.08450704225352113,0.06643356643356643,0.04482758620689655,0.027972027972027972,0.01384083044982699,0.013605442176870748,0.013793103448275862,0.013745704467353952,0.020905923344947737,0.017482517482517484,0.01730103806228374,0.01694915254237288,0.013605442176870748,0.006944444444444444,0.006896551724137931,0.006802721088435374,0.0033222591362126247,0.0,0.0,0.0,0.0,0.0,0.0,0.0,0.0,0.0,0.0,0.0,0.0,0.0,0.0,0.0,0.0,0.0,0.0,0.0,0.0,0.0,0.0,0.0,0.0,0.0,0.0,0.0,0.0,0.0,0.0,0.0,0.0,0.0,0.0,0.0,0.0,0.0,0.0,0.0,0.0
1078,0.193855310045183,0.05859375,0.07364341085271318,0.11023622047244094,0.11462450592885376,0.12,0.1171875,0.12840466926070038,0.12790697674418605,0.125,0.10384615384615385,0.08139534883720931,0.06870229007633588,0.08015267175572519,0.09302325581395349,0.08627450980392157,0.09236947791164658,0.10526315789473684,0.10441767068273092,0.11462450592885376,0.11023622047244094,0.11904761904761904,0.10196078431372549,0.10546875,0.1015625,0.08846153846153847,0.07722007722007722,0.06538461538461539,0.04247104247104247,0.03435114503816794,0.019011406844106463,0.0037735849056603774,0.003745318352059925,0.0,0.0,0.0,0.0,0.0,0.0,0.0,0.0,0.0,0.0,0.0,0.0,0.0,0.0,0.0,0.0,0.0,0.0,0.0,0.0,0.0,0.0,0.0,0.0,0.0,0.0,0.0,0.0,0.0,0.0,0.0,0.0,0.0,0.0
1685,0.148701785993762,0.11235955056179775,0.1169811320754717,0.13740458015267176,0.13618677042801555,0.12692307692307692,0.1346153846153846,0.11923076923076924,0.07662835249042145,0.06896551724137931,0.04669260700389105,0.038314176245210725,0.026923076923076925,0.01532567049808429,0.007633587786259542,0.003787878787878788,0.003745318352059925,0.0,0.0,0.0,0.0,0.0,0.0,0.0,0.0,0.0,0.0,0.0,0.0,0.0,0.0,0.0,0.0,0.0,0.0,0.0,0.0,0.0,0.0,0.0,0.0,0.0,0.0,0.0,0.0,0.0,0.0,0.0,0.0,0.0,0.0,0.0,0.0,0.0,0.0,0.0,0.0,0.0,0.0,0.0,0.0,0.0,0.0,0.0,0.0,0.0,0.0
3053,0.15476794071146302,0.125,0.13545816733067728,0.1388888888888889,0.164,0.1541501976284585,0.16470588235294117,0.17578125,0.15079365079365079,0.1349206349206349,0.1067193675889328,0.09236947791164658,0.0728744939271255,0.051587301587301584,0.043824701195219126,0.03137254901960784,0.023529411764705882,0.023255813953488372,0.01953125,0.01968503937007874,0.0196078431372549,0.01953125,0.023346303501945526,0.01953125,0.023622047244094488,0.019455252918287938,0.027131782945736434,0.030534351145038167,0.03018867924528302,0.022641509433962263,0.022058823529411766,0.022058823529411766,0.018518518518518517,0.015037593984962405,0.01838235294117647,0.014492753623188406,0.01824817518248175,0.02973977695167286,0.02952029520295203,0.03345724907063197,0.04198473282442748,0.03076923076923077,0.03816793893129771,0.04961832061068702,0.04633204633204633,0.053231939163498096,0.06015037593984962,0.06439393939393939,0.07307692307692308,0.0784313725490196,0.08015267175572519,0.06060606060606061,0.05363984674329502,0.034482758620689655,0.03409090909090909,0.03018867924528302,0.026615969581749048,0.015503875968992248,0.007692307692307693,0.011673151750972763,0.023076923076923078,0.033707865168539325,0.045627376425855515,0.06513409961685823,0.10320284697508897,0.1357142857142857,0.18181818181818182
8334,0.17652125285239897,0.06097560975609756,0.06557377049180328,0.0823045267489712,0.08368200836820083,0.09053497942386832,0.0875,0.07851239669421488,0.058577405857740586,0.0502092050209205,0.03375527426160337,0.02857142857142857,0.016194331983805668,0.012145748987854251,0.0040650406504065045,0.004081632653061225,0.0,0.0,0.0,0.0,0.0,0.0,0.0,0.0,0.0,0.0,0.0,0.0,0.0,0.0,0.0,0.0,0.0,0.0,0.0,0.0,0.0,0.0,0.0,0.0,0.0,0.0,0.0,0.0,0.0,0.0,0.0,0.0,0.0,0.0,0.0,0.0,0.0,0.0,0.0,0.0,0.0,0.0,0.0,0.0,0.0,0.0,0.0,0.0,0.0,0.0,0.0
651,0.12554581360309403,0.049429657794676805,0.054474708171206226,0.053231939163498096,0.052830188679245285,0.05204460966542751,0.051094890510948905,0.04693140794223827,0.036101083032490974,0.02142857142857143,0.028368794326241134,0.0313588850174216,0.028368794326241134,0.02867383512544803,0.03214285714285714,0.029411764705882353,0.029304029304029304,0.022058823529411766,0.021897810218978103,0.018050541516245487,0.014234875444839857,0.006993006993006993,0.003424657534246575,0.0034602076124567475,0.0,0.0,0.0,0.0,0.0,0.0,0.0,0.0,0.0,0.0,0.0,0.0,0.0,0.0,0.0,0.0,0.0,0.0,0.0,0.0,0.0,0.0,0.0,0.0,0.0,0.0,0.0,0.0,0.0,0.0,0.0,0.0,0.0,0.0,0.0,0.0,0.0,0.0,0.0,0.0,0.0,0.0,0.0
4853,0.127138881088467,0.04182509505703422,0.03875968992248062,0.03529411764705882,0.04669260700389105,0.05405405405405406,0.06060606060606061,0.06177606177606178,0.07335907335907337,0.07662835249042145,0.07142857142857142,0.058823529411764705,0.046762589928057555,0.036101083032490974,0.025362318840579712,0.029411764705882353,0.01818181818181818,0.018115942028985508,0.014545454545454545,0.01090909090909091,0.007220216606498195,0.0,0.0,0.0,0.0,0.0,0.0,0.0,0.0,0.0,0.0,0.0,0.0,0.0,0.0,0.0,0.0,0.0,0.0,0.0,0.0,0.0,0.0,0.0,0.0,0.0,0.0,0.0,0.0,0.0,0.0,0.0,0.0,0.0,0.0,0.0,0.0,0.0,0.0,0.0,0.0,0.0,0.0,0.0,0.0,0.0,0.0
7856,0.142593975825002,0.022222222222222223,0.01845018450184502,0.01845018450184502,0.014814814814814815,0.011194029850746268,0.011278195488721804,0.011152416356877323,0.011406844106463879,0.0038910505836575876,0.0,0.0,0.0,0.0,0.0,0.0,0.0,0.0,0.0,0.0,0.0,0.0,0.0,0.0,0.0,0.0,0.0,0.0,0.0,0.0,0.0,0.0,0.0,0.0,0.0,0.0,0.0,0.0,0.0,0.0,0.0,0.0,0.0,0.0,0.0,0.0,0.0,0.0,0.0,0.0,0.0,0.0,0.0,0.0,0.0,0.0,0.0,0.0,0.0,0.0,0.0,0.0,0.0,0.0,0.0,0.0,0.0
4672,0.20543856960721302,0.07377049180327869,0.08571428571428572,0.09836065573770492,0.10612244897959183,0.09523809523809523,0.09448818897637795,0.08695652173913043,0.08366533864541832,0.068,0.04897959183673469,0.028225806451612902,0.016260162601626018,0.012396694214876033,0.00816326530612245,0.0041841004184100415,0.0,0.0,0.0,0.0,0.0,0.0,0.0,0.0,0.0,0.0,0.0,0.0,0.0,0.0,0.0,0.0,0.0,0.0,0.0,0.0,0.0,0.0,0.0,0.0,0.0,0.0,0.0,0.0,0.0,0.0,0.0,0.0,0.0,0.0,0.0,0.0,0.0,0.0,0.0,0.0,0.0,0.0,0.0,0.0,0.0,0.0,0.0,0.0,0.0,0.0,0.0
1844,0.146231484052259,0.11877394636015326,0.11923076923076924,0.13409961685823754,0.15648854961832062,0.1607843137254902,0.1746031746031746,0.16470588235294117,0.1484375,0.13127413127413126,0.11494252873563218,0.06439393939393939,0.04924242424242424,0.03816793893129771,0.019230769230769232,0.007782101167315175,0.0,0.0,0.0,0.0,0.0,0.0,0.0,0.0,0.0,0.0,0.0,0.0,0.0,0.0,0.0,0.0,0.0,0.0,0.0,0.0,0.0,0.0,0.0,0.0,0.0,0.0,0.0,0.0,0.0,0.0,0.0,0.0,0.0,0.0,0.0,0.0,0.0,0.0,0.0,0.0,0.0,0.0,0.0,0.0,0.0,0.0,0.0,0.0,0.0,0.0,0.0
5355,0.11462572413729501,0.019083969465648856,0.022813688212927757,0.023166023166023165,0.02702702702702703,0.030418250950570342,0.03065134099616858,0.02702702702702703,0.022727272727272728,0.022641509433962263,0.015267175572519083,0.01893939393939394,0.018867924528301886,0.030303030303030304,0.03731343283582089,0.045283018867924525,0.04182509505703422,0.04905660377358491,0.049429657794676805,0.05303030303030303,0.04119850187265917,0.02564102564102564,0.021739130434782608,0.010948905109489052,0.0036496350364963502,0.0036231884057971015,0.0036231884057971015,0.0,0.0,0.0,0.0,0.0,0.0,0.0,0.0,0.0,0.0,0.0,0.0,0.0,0.0,0.0,0.0,0.0,0.0,0.0,0.0,0.0,0.0,0.0,0.0,0.0,0.0,0.0,0.0,0.0,0.0,0.0,0.0,0.0,0.0,0.0,0.0,0.0,0.0,0.0,0.0
4956,0.124029543425422,0.12062256809338522,0.0984251968503937,0.07661290322580645,0.0653061224489796,0.0642570281124498,0.064,0.05179282868525897,0.039525691699604744,0.03557312252964427,0.027559055118110236,0.015873015873015872,0.01171875,0.007782101167315175,0.007662835249042145,0.0038314176245210726,0.003875968992248062,0.0,0.0,0.0,0.0,0.0,0.0,0.0,0.0,0.0,0.0,0.0,0.0,0.0,0.0,0.0,0.0,0.0,0.0,0.0,0.0,0.0,0.0,0.0,0.0,0.0,0.0,0.0,0.0,0.0,0.0,0.0,0.0,0.0,0.0,0.0,0.0,0.0,0.0,0.0,0.0,0.0,0.0,0.0,0.0,0.0,0.0,0.0,0.0,0.0,0.0
232,0.141478135914076,0.015267175572519083,0.015384615384615385,0.011627906976744186,0.007692307692307693,0.011627906976744186,0.015503875968992248,0.015209125475285171,0.007722007722007722,0.007518796992481203,0.00749063670411985,0.007407407407407408,0.007168458781362007,0.007246376811594203,0.0,0.0036496350364963502,0.0036231884057971015,0.0035971223021582736,0.0035971223021582736,0.0035842293906810036,0.0035087719298245615,0.0034602076124567475,0.007017543859649123,0.007042253521126761,0.0071174377224199285,0.0035460992907801418,0.0035587188612099642,0.0035714285714285713,0.0035460992907801418,0.0,0.0,0.0,0.0,0.0,0.0,0.0,0.0,0.0,0.0,0.0,0.0,0.0,0.0,0.0,0.0,0.0,0.0,0.0,0.0,0.0,0.0,0.0,0.0,0.0,0.0,0.0,0.0,0.0,0.0,0.0,0.0,0.0,0.0,0.0,0.0,0.0,0.0
4430,0.19674992033978897,0.026615969581749048,0.045112781954887216,0.045454545454545456,0.05791505791505792,0.06746031746031746,0.08949416342412451,0.09541984732824428,0.10266159695817491,0.09737827715355805,0.09926470588235294,0.10622710622710622,0.11231884057971014,0.1003584229390681,0.10357142857142858,0.08633093525179857,0.07142857142857142,0.06597222222222222,0.07042253521126761,0.07092198581560284,0.05944055944055944,0.05517241379310345,0.044673539518900345,0.03832752613240418,0.03146853146853147,0.024390243902439025,0.02120141342756184,0.01079136690647482,0.0,0.0,0.0,0.0,0.0,0.0,0.0,0.0,0.0,0.0,0.0,0.0,0.0,0.0,0.0,0.0,0.0,0.0,0.0,0.0,0.0,0.0,0.0,0.0,0.0,0.0,0.0,0.0,0.0,0.0,0.0,0.0,0.0,0.0,0.0,0.0,0.0,0.0,0.0
8244,0.19624882409116298,0.08013937282229965,0.1206896551724138,0.14186851211072665,0.15,0.14695340501792115,0.16785714285714284,0.14893617021276595,0.1474820143884892,0.12727272727272726,0.11870503597122302,0.11870503597122302,0.12949640287769784,0.15073529411764705,0.15808823529411764,0.15298507462686567,0.14285714285714285,0.1407942238267148,0.13405797101449277,0.14391143911439114,0.14130434782608695,0.12949640287769784,0.11678832116788321,0.11070110701107011,0.07777777777777778,0.06296296296296296,0.05454545454545454,0.03663003663003663,0.022058823529411766,0.022222222222222223,0.018115942028985508,0.014492753623188406,0.007194244604316547,0.007168458781362007,0.0035335689045936395,0.0,0.0,0.0,0.0,0.0,0.0,0.0,0.0,0.0,0.0,0.0,0.0,0.0,0.0,0.0,0.0,0.0,0.0,0.0,0.0,0.0,0.0,0.0,0.0,0.0,0.0,0.0,0.0,0.0,0.0,0.0,0.0
8288,0.160303475987166,0.1532567049808429,0.17557251908396945,0.20454545454545456,0.22900763358778625,0.24150943396226415,0.24253731343283583,0.2426470588235294,0.24087591240875914,0.2446043165467626,0.2116788321167883,0.19636363636363635,0.17391304347826086,0.13167259786476868,0.10830324909747292,0.10218978102189781,0.07326007326007326,0.05818181818181818,0.03985507246376811,0.038869257950530034,0.03225806451612903,0.02120141342756184,0.017482517482517484,0.01060070671378092,0.007042253521126761,0.0034965034965034965,0.003484320557491289,0.0,0.0,0.0,0.0,0.0,0.0,0.0,0.0,0.0,0.0,0.0,0.0,0.0,0.0,0.0,0.0,0.0,0.0,0.0,0.0,0.0,0.0,0.0,0.0,0.0,0.0,0.0,0.0,0.0,0.0,0.0,0.0,0.0,0.0,0.0,0.0,0.0,0.0,0.0,0.0
4660,0.16545238833641598,0.05668016194331984,0.08433734939759036,0.112,0.13043478260869565,0.14396887159533073,0.1346153846153846,0.14396887159533073,0.1245136186770428,0.09375,0.07936507936507936,0.05952380952380952,0.03557312252964427,0.01953125,0.011406844106463879,0.007692307692307693,0.007662835249042145,0.007722007722007722,0.01171875,0.007782101167315175,0.007633587786259542,0.014814814814814815,0.018315018315018316,0.01079136690647482,0.014285714285714285,0.014285714285714285,0.010752688172043012,0.018115942028985508,0.025830258302583026,0.02909090909090909,0.05128205128205128,0.061371841155234655,0.06405693950177936,0.07420494699646643,0.07241379310344828,0.06690140845070422,0.06713780918727916,0.060714285714285714,0.045936395759717315,0.03819444444444445,0.023972602739726026,0.023728813559322035,0.01694915254237288,0.020761245674740483,0.023890784982935155,0.024054982817869417,0.0273972602739726,0.040955631399317405,0.047619047619047616,0.04713804713804714,0.04778156996587031,0.05782312925170068,0.06228373702422145,0.07612456747404844,0.09473684210526316,0.1134020618556701,0.11643835616438356,0.11683848797250859,0.11824324324324324,0.10774410774410774,0.10333333333333333,0.09797297297297297,0.10884353741496598,0.12413793103448276,0.1540983606557377,0.18360655737704917,0.25742574257425743
9512,0.119371730001876,0.028268551236749116,0.04285714285714286,0.05714285714285714,0.08185053380782918,0.0851063829787234,0.08532423208191127,0.07849829351535836,0.07931034482758621,0.0798611111111111,0.06666666666666667,0.05190311418685121,0.03125,0.0313588850174216,0.017543859649122806,0.010638297872340425,0.0035087719298245615,0.003484320557491289,0.0035211267605633804,0.0,0.0,0.0,0.0,0.0,0.0,0.0,0.0,0.0,0.0,0.0,0.0,0.0,0.0,0.0,0.0,0.0,0.0,0.0,0.0,0.0,0.0,0.0,0.0,0.0,0.0,0.0,0.0,0.0,0.0,0.0,0.0,0.0,0.0,0.0,0.0,0.0,0.0,0.0,0.0,0.0,0.0,0.0,0.0,0.0,0.0,0.0,0.0
8919,0.217257810907904,0.10236220472440945,0.1388888888888889,0.18473895582329317,0.22983870967741934,0.24899598393574296,0.2784313725490196,0.3023255813953488,0.31153846153846154,0.3231939163498099,0.34210526315789475,0.33962264150943394,0.31970260223048325,0.33707865168539325,0.33707865168539325,0.35555555555555557,0.34686346863468637,0.3516483516483517,0.38181818181818183,0.35587188612099646,0.33214285714285713,0.3167259786476868,0.3310104529616725,0.31833910034602075,0.3,0.2708333333333333,0.24734982332155478,0.24113475177304963,0.2147887323943662,0.19572953736654805,0.18309859154929578,0.17314487632508835,0.17421602787456447,0.1824561403508772,0.17543859649122806,0.17192982456140352,0.1619718309859155,0.16370106761565836,0.14590747330960854,0.14840989399293286,0.1111111111111111,0.11072664359861592,0.09278350515463918,0.09722222222222222,0.08041958041958042,0.08741258741258741,0.0798611111111111,0.07719298245614035,0.07586206896551724,0.0726643598615917,0.07167235494880546,0.0657439446366782,0.061016949152542375,0.04406779661016949,0.030821917808219176,0.0273972602739726,0.027586206896551724,0.034129692832764506,0.03436426116838488,0.04040404040404041,0.056856187290969896,0.06688963210702341,0.09427609427609428,0.1506849315068493,0.23355263157894737,0.3442622950819672,0.5032894736842105
7042,0.206759723852156,0.05668016194331984,0.06504065040650407,0.09016393442622951,0.08979591836734693,0.09504132231404959,0.0975609756097561,0.09126984126984126,0.08333333333333333,0.072,0.06882591093117409,0.08,0.0796812749003984,0.072,0.08130081300813008,0.0931174089068826,0.08433734939759036,0.08536585365853659,0.07346938775510205,0.060240963855421686,0.058823529411764705,0.049429657794676805,0.046153846153846156,0.04247104247104247,0.0421455938697318,0.04150943396226415,0.022988505747126436,0.007782101167315175,0.00390625,0.0,0.0,0.0,0.0,0.0,0.0,0.0,0.0,0.0,0.0,0.0,0.0,0.0,0.0,0.0,0.0,0.0,0.0,0.0,0.0,0.0,0.0,0.0,0.0,0.0,0.0,0.0,0.0,0.0,0.0,0.0,0.0,0.0,0.0,0.0,0.0,0.0,0.0
3968,0.0768988298310433,0.007326007326007326,0.0,0.003787878787878788,0.003745318352059925,0.003745318352059925,0.003745318352059925,0.0037593984962406013,0.0037735849056603774,0.0038022813688212928,0.0037735849056603774,0.0037735849056603774,0.0037735849056603774,0.0,0.0,0.0,0.0,0.0,0.0,0.0,0.0,0.0,0.0,0.0,0.0,0.0,0.0,0.0,0.0,0.0,0.0,0.0,0.0,0.0,0.0,0.0,0.0,0.0,0.0,0.0,0.0,0.0,0.0,0.0,0.0,0.0,0.0,0.0,0.0,0.0,0.0,0.0,0.0,0.0,0.0,0.0,0.0,0.0,0.0,0.0,0.0,0.0,0.0,0.0,0.0,0.0,0.0
7199,0.12566477449727198,0.048327137546468404,0.06545454545454546,0.08727272727272728,0.0989010989010989,0.10622710622710622,0.11231884057971014,0.11552346570397112,0.10545454545454545,0.08823529411764706,0.07971014492753623,0.0683453237410072,0.03900709219858156,0.02112676056338028,0.0,0.0,0.0,0.0,0.0,0.0,0.0,0.0,0.0,0.0,0.0,0.0,0.0,0.0,0.0,0.0,0.0,0.0,0.0,0.0,0.0,0.0,0.0,0.0,0.0,0.0,0.0,0.0,0.0,0.0,0.0,0.0,0.0,0.0,0.0,0.0,0.0,0.0,0.0,0.0,0.0,0.0,0.0,0.0,0.0,0.0,0.0,0.0,0.0,0.0,0.0,0.0,0.0
2168,0.15369966481812303,0.052,0.05555555555555555,0.05179282868525897,0.06324110671936758,0.06640625,0.06976744186046512,0.06538461538461539,0.05511811023622047,0.054474708171206226,0.04230769230769231,0.043137254901960784,0.031007751937984496,0.023346303501945526,0.026923076923076925,0.026515151515151516,0.01858736059479554,0.018726591760299626,0.01893939393939394,0.011583011583011582,0.01532567049808429,0.011450381679389313,0.011406844106463879,0.011406844106463879,0.011235955056179775,0.0037313432835820895,0.0037174721189591076,0.0,0.0,0.0,0.0,0.0,0.0,0.0,0.0,0.0,0.0,0.0,0.0,0.0,0.0,0.0,0.0,0.0,0.0,0.0,0.0,0.0,0.0,0.0,0.0,0.0,0.0,0.0,0.0,0.0,0.0,0.0,0.0,0.0,0.0,0.0,0.0,0.0,0.0,0.0,0.0
7509,0.224043718032772,0.08888888888888889,0.10714285714285714,0.14732142857142858,0.18421052631578946,0.1896551724137931,0.19130434782608696,0.17391304347826086,0.1782608695652174,0.14224137931034483,0.08860759493670886,0.06198347107438017,0.04938271604938271,0.032388663967611336,0.0326530612244898,0.024291497975708502,0.012345679012345678,0.008403361344537815,0.00851063829787234,0.01276595744680851,0.012552301255230125,0.008264462809917356,0.008032128514056224,0.008130081300813009,0.00823045267489712,0.008298755186721992,0.0,0.0,0.0,0.0,0.0,0.0,0.0,0.0,0.0,0.0,0.0,0.0,0.0,0.0,0.0,0.0,0.0,0.0,0.0,0.0,0.0,0.0,0.0,0.0,0.0,0.0,0.0,0.0,0.0,0.0,0.0,0.0,0.0,0.0,0.0,0.0,0.0,0.0,0.0,0.0,0.0
6821,0.18020274003502001,0.045283018867924525,0.04580152671755725,0.05343511450381679,0.07142857142857142,0.06691449814126393,0.06766917293233082,0.07224334600760456,0.06015037593984962,0.06818181818181818,0.04887218045112782,0.03435114503816794,0.023076923076923078,0.015384615384615385,0.007575757575757576,0.0,0.0,0.0,0.0,0.0,0.0,0.0,0.0,0.0,0.0,0.0,0.0,0.0,0.0,0.0,0.0,0.0,0.0,0.0,0.0,0.0,0.0,0.0,0.0,0.0,0.0,0.0,0.0,0.0,0.0,0.0,0.0,0.0,0.0,0.0,0.0,0.0,0.0,0.0,0.0,0.0,0.0,0.0,0.0,0.0,0.0,0.0,0.0,0.0,0.0,0.0,0.0
7366,0.18474152211565498,0.06224066390041494,0.06722689075630252,0.05982905982905983,0.059322033898305086,0.059322033898305086,0.058333333333333334,0.06584362139917696,0.06172839506172839,0.05785123966942149,0.0625,0.06147540983606557,0.06147540983606557,0.058091286307053944,0.058333333333333334,0.05439330543933055,0.04081632653061224,0.03968253968253968,0.03187250996015936,0.02734375,0.015873015873015872,0.011811023622047244,0.015810276679841896,0.011673151750972763,0.01968503937007874,0.015625,0.015625,0.01593625498007968,0.011904761904761904,0.012145748987854251,0.023809523809523808,0.023809523809523808,0.019762845849802372,0.035856573705179286,0.038910505836575876,0.05019305019305019,0.05019305019305019,0.05,0.05303030303030303,0.049429657794676805,0.045627376425855515,0.042801556420233464,0.019083969465648856,0.01171875,0.003952569169960474,0.0,0.0,0.0,0.0,0.0,0.0,0.0,0.0,0.0,0.0,0.0,0.0,0.0,0.0,0.0,0.0,0.0,0.0,0.0,0.0,0.0,0.0
5482,0.135343406628817,0.06818181818181818,0.07169811320754717,0.08333333333333333,0.0830188679245283,0.07604562737642585,0.08076923076923077,0.07224334600760456,0.07251908396946564,0.0648854961832061,0.057692307692307696,0.041353383458646614,0.030418250950570342,0.02681992337164751,0.007633587786259542,0.007518796992481203,0.0,0.0,0.0,0.0,0.0,0.0,0.0,0.0,0.003703703703703704,0.011111111111111112,0.011194029850746268,0.018656716417910446,0.01858736059479554,0.03345724907063197,0.03333333333333333,0.041044776119402986,0.04363636363636364,0.05860805860805861,0.06909090909090909,0.07913669064748201,0.09782608695652174,0.09558823529411764,0.09701492537313433,0.09398496240601503,0.07835820895522388,0.07116104868913857,0.06159420289855073,0.05357142857142857,0.04964539007092199,0.03832752613240418,0.03169014084507042,0.028368794326241134,0.007272727272727273,0.0036231884057971015,0.003676470588235294,0.0,0.0,0.0,0.0,0.0,0.0,0.0,0.0,0.0,0.0,0.0,0.0,0.0,0.0,0.0,0.0
6039,0.21820668479776897,0.11567164179104478,0.13186813186813187,0.17279411764705882,0.17100371747211895,0.16417910447761194,0.14869888475836432,0.12915129151291513,0.11152416356877323,0.10740740740740741,0.08955223880597014,0.08208955223880597,0.07224334600760456,0.07196969696969698,0.05725190839694656,0.051587301587301584,0.032388663967611336,0.03225806451612903,0.019762845849802372,0.015810276679841896,0.008032128514056224,0.008097165991902834,0.0,0.0,0.0,0.0,0.0,0.0,0.0,0.0,0.0,0.0,0.0,0.0,0.0,0.0,0.0,0.0,0.0,0.0,0.0,0.0,0.0,0.0,0.0,0.0,0.0,0.0,0.0,0.0,0.0,0.0,0.0,0.0,0.0,0.0,0.0,0.0,0.0,0.0,0.0,0.0,0.0,0.0,0.0,0.0,0.0
6536,0.09882386778481302,0.023529411764705882,0.0234375,0.023166023166023165,0.03065134099616858,0.03018867924528302,0.02681992337164751,0.030534351145038167,0.03076923076923077,0.0421455938697318,0.031007751937984496,0.04330708661417323,0.05533596837944664,0.054901960784313725,0.046875,0.05533596837944664,0.047058823529411764,0.04247104247104247,0.03968253968253968,0.027777777777777776,0.0234375,0.019762845849802372,0.019762845849802372,0.024,0.01984126984126984,0.020161290322580645,0.016129032258064516,0.012448132780082987,0.00819672131147541,0.004166666666666667,0.00425531914893617,0.004166666666666667,0.0,0.0,0.0,0.0,0.0,0.0,0.0,0.0,0.0,0.0,0.0,0.0,0.0,0.0,0.0,0.0,0.0,0.0,0.0,0.0,0.0,0.0,0.0,0.0,0.0,0.0,0.0,0.0,0.0,0.0,0.0,0.0,0.0,0.0,0.0
9003,0.21427947390475302,0.04198473282442748,0.0421455938697318,0.05747126436781609,0.06666666666666667,0.06666666666666667,0.08118081180811808,0.08029197080291971,0.10071942446043165,0.11469534050179211,0.11594202898550725,0.10909090909090909,0.12318840579710146,0.12949640287769784,0.12589928057553956,0.13043478260869565,0.13405797101449277,0.13454545454545455,0.13970588235294118,0.14963503649635038,0.16666666666666666,0.16129032258064516,0.1709090909090909,0.14391143911439114,0.14652014652014653,0.14760147601476015,0.13703703703703704,0.137546468401487,0.12639405204460966,0.1111111111111111,0.11194029850746269,0.11481481481481481,0.1213235294117647,0.13186813186813187,0.13818181818181818,0.16058394160583941,0.19202898550724637,0.2078853046594982,0.21691176470588236,0.25461254612546125,0.28363636363636363,0.29136690647482016,0.34767025089605735,0.36330935251798563,0.35842293906810035,0.35587188612099646,0.3380281690140845,0.3380281690140845,0.3424657534246575,0.3310810810810811,0.29194630872483224,0.29553264604810997,0.2560553633217993,0.24567474048442905,0.24041811846689895,0.2264808362369338,0.20279720279720279,0.18493150684931506,0.15699658703071673,0.16723549488054607,0.176056338028169,0.1951219512195122,0.22535211267605634,0.30935251798561153,0.46503496503496505,0.6048951048951049,0.7638888888888888
7137,0.0912215823773295,0.03292181069958848,0.04149377593360996,0.03347280334728033,0.029661016949152543,0.029535864978902954,0.029535864978902954,0.029045643153526972,0.02100840336134454,0.012396694214876033,0.00816326530612245,0.008298755186721992,0.004166666666666667,0.0041841004184100415,0.00423728813559322,0.0,0.0,0.0,0.0,0.0,0.0,0.0,0.0,0.0,0.0,0.0,0.0,0.0,0.0,0.0,0.0,0.0,0.0,0.0,0.0,0.0,0.0,0.0,0.0,0.0,0.0,0.0,0.0,0.0,0.0,0.0,0.0,0.0,0.0,0.0,0.0,0.0,0.0,0.0,0.0,0.0,0.0,0.0,0.0,0.0,0.0,0.0,0.0,0.0,0.0,0.0,0.0
633,0.13996084376121898,0.06713780918727916,0.06159420289855073,0.056179775280898875,0.04150943396226415,0.041353383458646614,0.026415094339622643,0.018656716417910446,0.026022304832713755,0.02962962962962963,0.032490974729241874,0.03873239436619718,0.04642857142857143,0.05054151624548736,0.05734767025089606,0.06545454545454546,0.07037037037037037,0.0661764705882353,0.08727272727272728,0.08185053380782918,0.07801418439716312,0.08214285714285714,0.0812720848056537,0.07692307692307693,0.06993006993006994,0.08247422680412371,0.07666666666666666,0.08754208754208755,0.08873720136518772,0.09090909090909091,0.08053691275167785,0.08445945945945946,0.08080808080808081,0.08053691275167785,0.0782312925170068,0.07876712328767123,0.07042253521126761,0.07394366197183098,0.075,0.07773851590106007,0.07801418439716312,0.07394366197183098,0.07746478873239436,0.07692307692307693,0.06315789473684211,0.06690140845070422,0.056338028169014086,0.05862068965517241,0.04498269896193772,0.041237113402061855,0.030716723549488054,0.04861111111111111,0.04452054794520548,0.04225352112676056,0.036231884057971016,0.039568345323741004,0.03942652329749104,0.04929577464788732,0.05985915492957746,0.07241379310344828,0.08843537414965986,0.11604095563139932,0.1453287197231834,0.1853146853146853,0.2408026755852843,0.3050847457627119,0.4
600,0.17096761726425,0.048582995951417005,0.052,0.055776892430278883,0.052,0.03968253968253968,0.031746031746031744,0.03137254901960784,0.023529411764705882,0.015503875968992248,0.007905138339920948,0.0038910505836575876,0.007905138339920948,0.007874015748031496,0.007782101167315175,0.003875968992248062,0.003937007874015748,0.00390625,0.003937007874015748,0.0038910505836575876,0.003816793893129771,0.0,0.0,0.0,0.0,0.0,0.0,0.0,0.0,0.0,0.0,0.0,0.0,0.0,0.0,0.0,0.0,0.0,0.0,0.0,0.0,0.0,0.0,0.0,0.0,0.0,0.0,0.0,0.0,0.0,0.0,0.0,0.0,0.0,0.0,0.0,0.0,0.0,0.0,0.0,0.0,0.0,0.0,0.0,0.0,0.0,0.0
1752,0.17855749416048602,0.08518518518518518,0.07954545454545454,0.08846153846153847,0.09523809523809523,0.09803921568627451,0.10810810810810811,0.1111111111111111,0.08778625954198473,0.07894736842105263,0.06716417910447761,0.052434456928838954,0.041044776119402986,0.026217228464419477,0.02631578947368421,0.018656716417910446,0.014705882352941176,0.01098901098901099,0.010948905109489052,0.0036101083032490976,0.0035460992907801418,0.0035211267605633804,0.0035335689045936395,0.003436426116838488,0.0,0.0,0.0,0.0,0.0,0.0,0.0,0.0,0.0,0.0,0.0,0.0,0.0,0.0,0.0,0.0,0.0,0.0,0.0,0.0,0.0,0.0,0.0,0.0,0.0,0.0,0.0,0.0,0.0,0.0,0.0,0.0,0.0,0.0,0.0,0.0,0.0,0.0,0.0,0.0,0.0,0.0,0.0
5211,0.145281518512638,0.14671814671814673,0.1867704280155642,0.2140077821011673,0.245136186770428,0.26053639846743293,0.24812030075187969,0.2379182156133829,0.2342007434944238,0.22556390977443608,0.1776061776061776,0.13229571984435798,0.10116731517509728,0.07392996108949416,0.050980392156862744,0.05555555555555555,0.03557312252964427,0.027559055118110236,0.028112449799196786,0.028112449799196786,0.012048192771084338,0.01195219123505976,0.008,0.007936507936507936,0.008032128514056224,0.012,0.012,0.028112449799196786,0.028,0.03501945525291829,0.039525691699604744,0.038910505836575876,0.04330708661417323,0.0390625,0.03461538461538462,0.027131782945736434,0.019230769230769232,0.0196078431372549,0.015625,0.015384615384615385,0.011494252873563218,0.015384615384615385,0.01937984496124031,0.015444015444015444,0.007874015748031496,0.00796812749003984,0.007782101167315175,0.007722007722007722,0.007751937984496124,0.0038314176245210726,0.0038022813688212928,0.003745318352059925,0.0076045627376425855,0.007518796992481203,0.014814814814814815,0.018115942028985508,0.01824817518248175,0.01818181818181818,0.018050541516245487,0.017921146953405017,0.014492753623188406,0.007220216606498195,0.0036101083032490976,0.0072992700729927005,0.01056338028169014,0.017421602787456445,0.027972027972027972
5613,0.16217273155343698,0.11764705882352941,0.11194029850746269,0.13533834586466165,0.13284132841328414,0.11594202898550725,0.10431654676258993,0.08960573476702509,0.09386281588447654,0.0880281690140845,0.06521739130434782,0.06884057971014493,0.05128205128205128,0.05474452554744526,0.04964539007092199,0.045936395759717315,0.04529616724738676,0.031578947368421054,0.027491408934707903,0.024305555555555556,0.010416666666666666,0.01060070671378092,0.007067137809187279,0.0,0.0,0.0,0.0,0.0,0.0,0.0,0.0,0.0,0.0,0.0,0.0,0.0,0.0,0.0,0.0,0.0,0.0,0.0,0.0,0.0,0.0,0.0,0.0,0.0,0.0,0.0,0.0,0.0,0.0,0.0,0.0,0.0,0.0,0.0,0.0,0.0,0.0,0.0,0.0,0.0,0.0,0.0,0.0
2930,0.102017200016417,0.056,0.05511811023622047,0.050980392156862744,0.047244094488188976,0.052,0.046511627906976744,0.038314176245210725,0.03501945525291829,0.03501945525291829,0.023346303501945526,0.023166023166023165,0.01532567049808429,0.019083969465648856,0.019157088122605363,0.01532567049808429,0.011538461538461539,0.011363636363636364,0.0149812734082397,0.01486988847583643,0.01107011070110701,0.007272727272727273,0.0072992700729927005,0.0035971223021582736,0.007142857142857143,0.007142857142857143,0.0035587188612099642,0.0036101083032490976,0.0035971223021582736,0.0035971223021582736,0.0035842293906810036,0.0,0.0,0.0,0.0,0.0,0.0,0.0,0.0,0.0,0.0,0.0,0.0,0.0,0.0,0.0,0.0,0.0,0.0,0.0,0.0,0.0,0.0,0.0,0.0,0.0,0.0,0.0,0.0,0.0,0.0,0.0,0.0,0.0,0.0,0.0,0.0
13,0.197162487468449,0.09885931558935361,0.10810810810810811,0.13953488372093023,0.15503875968992248,0.16988416988416988,0.19157088122605365,0.17110266159695817,0.1895910780669145,0.18181818181818182,0.15693430656934307,0.14642857142857144,0.13261648745519714,0.09712230215827339,0.0880281690140845,0.08243727598566308,0.07857142857142857,0.08480565371024736,0.09285714285714286,0.10357142857142858,0.10526315789473684,0.10915492957746478,0.09027777777777778,0.08041958041958042,0.08741258741258741,0.07746478873239436,0.0528169014084507,0.0528169014084507,0.06785714285714285,0.07168458781362007,0.07885304659498207,0.07168458781362007,0.072992700729927,0.07220216606498195,0.06569343065693431,0.061371841155234655,0.053003533568904596,0.0425531914893617,0.03914590747330961,0.03484320557491289,0.030927835051546393,0.024054982817869417,0.020338983050847456,0.016891891891891893,0.017123287671232876,0.006968641114982578,0.0,0.0,0.0,0.0,0.0,0.0,0.0,0.0,0.0,0.0,0.0,0.0,0.0,0.0,0.0,0.0,0.0,0.0,0.0,0.0,0.0
5234,0.11395696426625399,0.10683760683760683,0.1091703056768559,0.08733624454148471,0.06986899563318777,0.05194805194805195,0.04700854700854701,0.041666666666666664,0.03347280334728033,0.02109704641350211,0.017241379310344827,0.017167381974248927,0.00425531914893617,0.00425531914893617,0.00423728813559322,0.004291845493562232,0.0,0.0,0.0,0.0,0.0,0.0,0.0,0.0,0.0,0.0,0.0,0.0,0.0,0.0,0.0,0.0,0.0,0.0,0.0,0.0,0.0,0.0,0.0,0.0,0.0,0.0,0.0,0.0,0.0,0.0,0.0,0.0,0.0,0.0,0.0,0.0,0.0,0.0,0.0,0.0,0.0,0.0,0.0,0.0,0.0,0.0,0.0,0.0,0.0,0.0,0.0
3086,0.0966675308241975,0.015037593984962405,0.014814814814814815,0.014705882352941176,0.021660649819494584,0.021660649819494584,0.02158273381294964,0.02464788732394366,0.027874564459930314,0.03180212014134275,0.03202846975088968,0.028469750889679714,0.025,0.025454545454545455,0.025547445255474453,0.029411764705882353,0.02197802197802198,0.017921146953405017,0.014705882352941176,0.007326007326007326,0.007326007326007326,0.003663003663003663,0.003703703703703704,0.007434944237918215,0.007407407407407408,0.003703703703703704,0.003703703703703704,0.0037735849056603774,0.003816793893129771,0.0038910505836575876,0.0038314176245210726,0.003875968992248062,0.0,0.0,0.0,0.0,0.0,0.0,0.0,0.0038314176245210726,0.003816793893129771,0.0038022813688212928,0.003703703703703704,0.0036900369003690036,0.003676470588235294,0.0037174721189591076,0.003745318352059925,0.0,0.0,0.0,0.0,0.0,0.0,0.0,0.0,0.0,0.0,0.0,0.0,0.0,0.0,0.0,0.0,0.00390625,0.01107011070110701,0.011152416356877323,0.011111111111111112
7315,0.17210386029328198,0.11481481481481481,0.14022140221402213,0.17582417582417584,0.17343173431734318,0.16058394160583941,0.15302491103202848,0.13286713286713286,0.11228070175438597,0.10104529616724739,0.07801418439716312,0.07473309608540925,0.039285714285714285,0.022222222222222223,0.015037593984962405,0.011583011583011582,0.003861003861003861,0.0038314176245210726,0.003787878787878788,0.0037593984962406013,0.0,0.0,0.0,0.0,0.0,0.0,0.0,0.0,0.0,0.0,0.0,0.0,0.0,0.0,0.0,0.0,0.0,0.0,0.0,0.0,0.0,0.0,0.0,0.0,0.0,0.0,0.0,0.0,0.0,0.0,0.0,0.0,0.0,0.0,0.0,0.0,0.0,0.0,0.0,0.0,0.0,0.0,0.0,0.0,0.0,0.0,0.0
5908,0.19391075368621397,0.11885245901639344,0.13008130081300814,0.14285714285714285,0.1762295081967213,0.19183673469387755,0.20161290322580644,0.19183673469387755,0.20081967213114754,0.1951219512195122,0.17786561264822134,0.16342412451361868,0.11969111969111969,0.10505836575875487,0.08661417322834646,0.0642570281124498,0.031746031746031744,0.015810276679841896,0.01556420233463035,0.011494252873563218,0.003861003861003861,0.0,0.0,0.0,0.0,0.0,0.0,0.0,0.0,0.0,0.0,0.0,0.0,0.0,0.0,0.0,0.0,0.0,0.0,0.0,0.0,0.0,0.0,0.0,0.0,0.0,0.0,0.0,0.0,0.0,0.0,0.0,0.0,0.0,0.0,0.0,0.0,0.0,0.0,0.0,0.0,0.0,0.0,0.0,0.0,0.0,0.0
803,0.19106150858569898,0.07604562737642585,0.10943396226415095,0.1348314606741573,0.13636363636363635,0.15413533834586465,0.20149253731343283,0.20300751879699247,0.20912547528517111,0.17938931297709923,0.1760299625468165,0.1856060606060606,0.16483516483516483,0.16666666666666666,0.15129151291512916,0.13909774436090225,0.13059701492537312,0.11481481481481481,0.10566037735849057,0.08239700374531835,0.06792452830188679,0.06343283582089553,0.05204460966542751,0.04693140794223827,0.02877697841726619,0.017921146953405017,0.007142857142857143,0.007194244604316547,0.0070921985815602835,0.0,0.0,0.0,0.0,0.0,0.0036496350364963502,0.007272727272727273,0.007220216606498195,0.007168458781362007,0.007194244604316547,0.0070921985815602835,0.0071174377224199285,0.007142857142857143,0.007142857142857143,0.007067137809187279,0.003424657534246575,0.0,0.0,0.0,0.0,0.0,0.0,0.0,0.0,0.0,0.0,0.0,0.0,0.0,0.0,0.0,0.0,0.0,0.0,0.0,0.0,0.0,0.0
4366,0.123078155424446,0.061224489795918366,0.0860655737704918,0.1087866108786611,0.10344827586206896,0.10869565217391304,0.10775862068965517,0.09361702127659574,0.0847457627118644,0.06276150627615062,0.041666666666666664,0.029288702928870293,0.020491803278688523,0.016194331983805668,0.008097165991902834,0.00398406374501992,0.003952569169960474,0.00390625,0.0,0.0,0.0,0.0,0.0,0.0,0.0,0.0,0.0,0.0,0.0,0.0,0.0,0.0,0.0,0.0,0.0,0.0,0.0,0.0,0.0,0.0,0.0,0.0,0.0,0.0,0.0,0.0,0.0,0.0,0.0,0.0,0.0,0.0,0.0,0.0,0.0,0.0,0.0,0.0,0.0,0.0,0.0,0.0,0.0,0.0,0.0,0.0,0.0
8195,0.15213491283357097,0.04417670682730924,0.028,0.02,0.01937984496124031,0.01568627450980392,0.00784313725490196,0.0,0.0,0.0,0.0,0.0,0.0,0.0,0.0,0.0,0.0,0.0,0.0,0.0,0.0,0.0,0.0,0.0,0.0,0.0,0.0,0.0,0.0,0.0,0.0,0.0,0.0,0.0,0.0,0.0,0.0,0.0,0.0,0.0,0.0,0.0,0.0,0.0,0.0,0.0,0.0,0.0,0.0,0.0,0.0,0.0,0.0,0.0,0.0,0.0,0.0,0.0,0.0,0.0,0.0,0.0,0.0,0.0,0.0,0.0,0.0
48,0.13989435234107098,0.07171314741035857,0.08064516129032258,0.08943089430894309,0.09623430962343096,0.10504201680672269,0.12393162393162394,0.12446351931330472,0.11637931034482758,0.10964912280701754,0.09210526315789473,0.06607929515418502,0.04721030042918455,0.037815126050420166,0.02531645569620253,0.01276595744680851,0.0,0.0,0.0,0.0,0.0,0.0,0.0,0.0,0.0,0.0,0.0,0.0,0.0,0.0,0.0,0.0,0.0,0.0,0.0,0.0,0.0,0.0,0.0,0.0,0.0,0.0,0.0,0.0,0.0,0.0,0.0,0.0,0.0,0.0,0.0,0.0,0.0,0.0,0.0,0.0,0.0,0.0,0.0,0.0,0.0,0.0,0.0,0.0,0.0,0.0,0.0
5757,0.142066097201314,0.022988505747126436,0.022813688212927757,0.03409090909090909,0.030303030303030304,0.026415094339622643,0.0299625468164794,0.03018867924528302,0.02681992337164751,0.03076923076923077,0.026717557251908396,0.027131782945736434,0.02702702702702703,0.031007751937984496,0.023346303501945526,0.022988505747126436,0.019455252918287938,0.02702702702702703,0.03488372093023256,0.03816793893129771,0.03076923076923077,0.03088803088803089,0.03076923076923077,0.02681992337164751,0.022813688212927757,0.019230769230769232,0.019305019305019305,0.019305019305019305,0.01532567049808429,0.01937984496124031,0.019230769230769232,0.019230769230769232,0.022556390977443608,0.02631578947368421,0.022727272727272728,0.022813688212927757,0.02681992337164751,0.018867924528301886,0.019083969465648856,0.018796992481203006,0.011278195488721804,0.007407407407407408,0.00749063670411985,0.00749063670411985,0.007518796992481203,0.0,0.0,0.0,0.0,0.0,0.0,0.0,0.0,0.0,0.0,0.0,0.0,0.0,0.0,0.0,0.0,0.0,0.0,0.0,0.0,0.0,0.0
6126,0.14360670874011702,0.055776892430278883,0.051587301587301584,0.07661290322580645,0.088,0.08300395256916997,0.0703125,0.07335907335907337,0.06640625,0.05405405405405406,0.034482758620689655,0.007547169811320755,0.0,0.0,0.0,0.0,0.0,0.0,0.0,0.0,0.0,0.0,0.0,0.0,0.0,0.0,0.0,0.0,0.0,0.0,0.0,0.0,0.0,0.0,0.0,0.0,0.0,0.0,0.0,0.0,0.0,0.0,0.0,0.0,0.0,0.0,0.0,0.0,0.0,0.0,0.0,0.0,0.0,0.0,0.0,0.0,0.0,0.0,0.0,0.0,0.0,0.0,0.0,0.0,0.0,0.0,0.0
6786,0.0984091784746852,0.06642066420664207,0.06343283582089553,0.06367041198501873,0.058823529411764705,0.05454545454545454,0.06642066420664207,0.08363636363636363,0.07326007326007326,0.07407407407407407,0.06666666666666667,0.06227106227106227,0.05776173285198556,0.05693950177935943,0.0498220640569395,0.0498220640569395,0.03873239436619718,0.03180212014134275,0.039568345323741004,0.03663003663003663,0.02564102564102564,0.025735294117647058,0.02214022140221402,0.018656716417910446,0.022727272727272728,0.019011406844106463,0.018726591760299626,0.014925373134328358,0.011235955056179775,0.0072992700729927005,0.007272727272727273,0.007272727272727273,0.0035971223021582736,0.0,0.0,0.0,0.0,0.0,0.0,0.0,0.0,0.0,0.0,0.0,0.0,0.0,0.0,0.0,0.0,0.0,0.0,0.0,0.0,0.0,0.0,0.0,0.0,0.0,0.0,0.0,0.0,0.0,0.0,0.0,0.0,0.0,0.0
7069,0.0642801928333938,0.01845018450184502,0.014760147601476014,0.011029411764705883,0.011194029850746268,0.007518796992481203,0.007462686567164179,0.007407407407407408,0.007380073800738007,0.0036363636363636364,0.0036496350364963502,0.0036900369003690036,0.0,0.0,0.0,0.0,0.0,0.0,0.0,0.0,0.0,0.0,0.0,0.0,0.0,0.0,0.0,0.0,0.0,0.0,0.0,0.0,0.0,0.0,0.0,0.0,0.0,0.0,0.0,0.0,0.0,0.0,0.0,0.0,0.0,0.0,0.0,0.0,0.0,0.0,0.0,0.0,0.0,0.0,0.0,0.0,0.0,0.0,0.0,0.0,0.0,0.0,0.0,0.0,0.0,0.0,0.0
1045,0.211742846498964,0.0694980694980695,0.09411764705882353,0.13333333333333333,0.16666666666666666,0.1889763779527559,0.2235294117647059,0.25757575757575757,0.26296296296296295,0.2518796992481203,0.26515151515151514,0.2873134328358209,0.30434782608695654,0.3104693140794224,0.275,0.28169014084507044,0.28027681660899656,0.2762237762237762,0.30633802816901406,0.29285714285714287,0.303886925795053,0.30313588850174217,0.28668941979522183,0.2705479452054795,0.25252525252525254,0.23469387755102042,0.20270270270270271,0.21666666666666667,0.21140939597315436,0.18120805369127516,0.21122112211221122,0.2138157894736842,0.20521172638436483,0.21782178217821782,0.20655737704918034,0.20261437908496732,0.20915032679738563,0.2,0.20065789473684212,0.19934640522875818,0.16721311475409836,0.1490066225165563,0.1490066225165563,0.1476510067114094,0.13651877133105803,0.1103448275862069,0.10034602076124567,0.1267123287671233,0.1718213058419244,0.18430034129692832,0.19655172413793104,0.18213058419243985,0.19727891156462585,0.20136518771331058,0.21694915254237288,0.22666666666666666,0.26666666666666666,0.27241379310344827,0.2743055555555556,0.3116438356164384,0.3333333333333333,0.36769759450171824,0.4742268041237113,0.5870307167235495,0.7843137254901961,0.8798701298701299,0.898360655737705
2425,0.166489047824871,0.08455882352941177,0.07692307692307693,0.11272727272727273,0.13138686131386862,0.14285714285714285,0.15555555555555556,0.18081180811808117,0.16791044776119404,0.17472118959107807,0.15867158671586715,0.13284132841328414,0.13043478260869565,0.12408759124087591,0.10989010989010989,0.10989010989010989,0.1213235294117647,0.13432835820895522,0.13909774436090225,0.1323529411764706,0.12408759124087591,0.11191335740072202,0.07971014492753623,0.06451612903225806,0.0364963503649635,0.025735294117647058,0.014388489208633094,0.0,0.0,0.0,0.0,0.0,0.0,0.0,0.0,0.0,0.0,0.0,0.0,0.0,0.0,0.0,0.0,0.0,0.0,0.0,0.0,0.0,0.0,0.0,0.0,0.0,0.0,0.0,0.0,0.0,0.0,0.0,0.0,0.0,0.0,0.0,0.0,0.0,0.0,0.0,0.0
8881,0.12839303345535902,0.08614232209737828,0.08015267175572519,0.08846153846153847,0.09019607843137255,0.08235294117647059,0.08076923076923077,0.07751937984496124,0.07480314960629922,0.06719367588932806,0.04780876494023904,0.03614457831325301,0.0321285140562249,0.020491803278688523,0.016,0.008097165991902834,0.008130081300813009,0.0,0.0,0.0,0.0,0.0,0.0,0.0,0.0,0.0,0.0,0.0,0.0,0.0,0.0,0.0,0.0,0.0,0.0,0.0,0.0,0.0,0.0,0.0,0.0,0.0,0.0,0.0,0.0,0.0,0.0,0.0,0.0,0.0,0.0,0.0,0.0,0.0,0.0,0.0,0.0,0.0,0.0,0.0,0.0,0.0,0.0,0.0,0.0,0.0,0.0
5873,0.138252032309538,0.012,0.011904761904761904,0.016,0.015810276679841896,0.01593625498007968,0.01568627450980392,0.02766798418972332,0.02857142857142857,0.028112449799196786,0.028112449799196786,0.0199203187250996,0.015873015873015872,0.011764705882352941,0.0078125,0.0,0.0,0.0,0.0,0.0,0.0,0.0,0.0,0.0,0.0,0.0,0.0,0.0,0.0,0.0,0.0,0.0,0.0,0.0,0.0,0.0,0.0,0.0,0.0,0.0,0.0,0.0,0.0,0.0,0.0,0.0,0.0,0.0,0.0,0.0,0.0,0.0,0.0,0.0,0.0,0.0,0.0,0.0,0.0,0.0,0.0,0.0,0.0,0.0,0.0,0.0,0.0
5632,0.12453082095016699,0.04065040650406504,0.044715447154471545,0.04819277108433735,0.06374501992031872,0.06324110671936758,0.06299212598425197,0.06177606177606178,0.046511627906976744,0.04597701149425287,0.030303030303030304,0.02247191011235955,0.011406844106463879,0.00749063670411985,0.0037593984962406013,0.0,0.0,0.0,0.0,0.0,0.0,0.0,0.0,0.0,0.0,0.0,0.0,0.0,0.0,0.0,0.0,0.0,0.0,0.0,0.0,0.0,0.0,0.0,0.0,0.0,0.0,0.0,0.0,0.0,0.0,0.0,0.0,0.0,0.0,0.0,0.0,0.0,0.0,0.0,0.0,0.0,0.0,0.0,0.0,0.0,0.0,0.0,0.0,0.0,0.0,0.0,0.0
6888,0.19754071807256,0.2972972972972973,0.3783783783783784,0.42857142857142855,0.4318181818181818,0.43911439114391143,0.4043321299638989,0.35231316725978645,0.2924187725631769,0.27697841726618705,0.2302158273381295,0.18840579710144928,0.12142857142857143,0.08865248226950355,0.05673758865248227,0.05338078291814947,0.039568345323741004,0.017605633802816902,0.017241379310344827,0.020689655172413793,0.0313588850174216,0.03859649122807018,0.031578947368421054,0.021052631578947368,0.021052631578947368,0.017482517482517484,0.01730103806228374,0.01048951048951049,0.010526315789473684,0.01048951048951049,0.0034965034965034965,0.0034482758620689655,0.0,0.0,0.0,0.0,0.0,0.0,0.0,0.0,0.0,0.0,0.0,0.0,0.0,0.0,0.0,0.0,0.0,0.0,0.0,0.0,0.0,0.0,0.0,0.0,0.0,0.0,0.0,0.0,0.0,0.0,0.0,0.0,0.0,0.0,0.0
7780,0.15244689054088698,0.21153846153846154,0.20152091254752852,0.26037735849056604,0.24436090225563908,0.24334600760456274,0.2196969696969697,0.19771863117870722,0.16104868913857678,0.14885496183206107,0.12595419847328243,0.09923664122137404,0.07335907335907337,0.058365758754863814,0.03861003861003861,0.03125,0.019305019305019305,0.007575757575757576,0.007547169811320755,0.007434944237918215,0.003745318352059925,0.0,0.0,0.0,0.007380073800738007,0.00749063670411985,0.007518796992481203,0.0076045627376425855,0.007575757575757576,0.003787878787878788,0.003861003861003861,0.003875968992248062,0.0,0.0,0.0,0.0,0.0,0.0,0.0,0.0,0.0,0.0,0.0,0.0,0.0,0.0,0.0,0.0,0.0,0.0,0.0,0.0,0.0,0.0,0.0,0.0,0.0,0.0,0.0,0.0,0.0,0.0,0.0,0.0,0.0,0.0,0.0
7874,0.135997332050465,0.04838709677419355,0.04897959183673469,0.044897959183673466,0.04918032786885246,0.056,0.06201550387596899,0.07633587786259542,0.07692307692307693,0.08949416342412451,0.07421875,0.06896551724137931,0.07003891050583658,0.06130268199233716,0.07224334600760456,0.04580152671755725,0.04961832061068702,0.0449438202247191,0.033582089552238806,0.025735294117647058,0.03272727272727273,0.032846715328467155,0.03308823529411765,0.029197080291970802,0.03260869565217391,0.03597122302158273,0.04609929078014184,0.06028368794326241,0.06666666666666667,0.05964912280701754,0.05319148936170213,0.0456140350877193,0.03900709219858156,0.031578947368421054,0.020618556701030927,0.010638297872340425,0.0035587188612099642,0.0070921985815602835,0.007042253521126761,0.0035335689045936395,0.0070921985815602835,0.007067137809187279,0.010380622837370242,0.014084507042253521,0.01060070671378092,0.013986013986013986,0.02456140350877193,0.0313588850174216,0.028469750889679714,0.03125,0.038461538461538464,0.03900709219858156,0.03900709219858156,0.038869257950530034,0.03806228373702422,0.03728813559322034,0.03741496598639456,0.04081632653061224,0.043478260869565216,0.046511627906976744,0.05245901639344262,0.056666666666666664,0.0695364238410596,0.1,0.12341772151898735,0.153125,0.17133956386292834
9082,0.128997785947286,0.08661417322834646,0.09126984126984126,0.10441767068273092,0.108,0.1214574898785425,0.13709677419354838,0.13095238095238096,0.12749003984063745,0.13654618473895583,0.15261044176706828,0.136,0.13095238095238096,0.1062992125984252,0.1,0.07630522088353414,0.068,0.058365758754863814,0.046511627906976744,0.03501945525291829,0.026923076923076925,0.02702702702702703,0.01532567049808429,0.015209125475285171,0.007547169811320755,0.00749063670411985,0.003787878787878788,0.0038022813688212928,0.0037174721189591076,0.0,0.0,0.0,0.0,0.0,0.0,0.0,0.0,0.0,0.0,0.0,0.0,0.0,0.0,0.0,0.0,0.0,0.0,0.0,0.0,0.0,0.0,0.0,0.0,0.0,0.0,0.0,0.0,0.0,0.0,0.0,0.0,0.0,0.0,0.0,0.0,0.0,0.0
7198,0.146146793308435,0.06037735849056604,0.07251908396946564,0.06666666666666667,0.058365758754863814,0.0703125,0.07692307692307693,0.06666666666666667,0.06177606177606178,0.0625,0.05533596837944664,0.043478260869565216,0.03937007874015748,0.027777777777777776,0.01984126984126984,0.016129032258064516,0.008097165991902834,0.00392156862745098,0.0038314176245210726,0.0,0.0,0.0,0.0,0.0,0.0,0.0,0.0,0.0,0.0,0.0,0.0,0.0,0.0,0.0,0.0,0.0,0.0,0.0,0.0,0.0,0.0,0.0,0.0,0.0,0.0,0.0,0.0,0.0,0.0,0.0,0.0,0.0,0.0,0.0,0.0,0.0,0.0,0.0,0.0,0.0,0.0,0.0,0.0,0.0,0.0,0.0,0.0
2645,0.173044883937109,0.0149812734082397,0.01486988847583643,0.007547169811320755,0.0037593984962406013,0.0,0.0,0.0,0.0,0.0,0.0,0.0,0.0,0.0,0.0,0.0,0.0,0.0,0.0,0.0,0.0,0.0,0.0,0.0,0.0,0.0,0.0,0.0,0.0,0.0,0.0,0.0,0.0,0.0,0.0,0.0,0.0,0.0,0.0,0.0,0.0,0.0,0.0,0.0,0.0,0.0,0.0,0.0,0.0,0.0,0.0,0.0,0.0,0.0,0.0,0.0,0.0,0.0,0.0,0.0,0.0,0.0,0.0,0.0,0.0,0.0,0.0
7533,0.149938172282418,0.20454545454545456,0.2595419847328244,0.2878787878787879,0.2883895131086142,0.2878228782287823,0.2857142857142857,0.2916666666666667,0.28185328185328185,0.24124513618677043,0.1953125,0.16988416988416988,0.1583011583011583,0.13636363636363635,0.11940298507462686,0.09433962264150944,0.10037174721189591,0.09157509157509157,0.08727272727272728,0.08333333333333333,0.08029197080291971,0.09859154929577464,0.08741258741258741,0.07692307692307693,0.07849829351535836,0.08304498269896193,0.06484641638225255,0.06440677966101695,0.05423728813559322,0.0576271186440678,0.05405405405405406,0.04778156996587031,0.04040404040404041,0.04054054054054054,0.02666666666666667,0.010101010101010102,0.006756756756756757,0.0034129692832764505,0.0,0.0,0.0,0.0,0.0,0.0,0.0,0.0,0.0,0.0,0.0,0.0,0.0,0.0,0.0,0.0,0.0,0.0,0.0,0.0,0.0,0.0,0.0,0.0,0.0,0.0,0.0,0.0,0.0
9990,0.0990194232785143,0.04330708661417323,0.05241935483870968,0.048582995951417005,0.03225806451612903,0.02834008097165992,0.028112449799196786,0.023622047244094488,0.015625,0.0078125,0.00796812749003984,0.004016064257028112,0.003952569169960474,0.0,0.0,0.0,0.0,0.0,0.0,0.0,0.0,0.0,0.0,0.0,0.0,0.0,0.0,0.0,0.003861003861003861,0.015503875968992248,0.022727272727272728,0.02631578947368421,0.026515151515151516,0.03007518796992481,0.030418250950570342,0.030303030303030304,0.03007518796992481,0.026515151515151516,0.01509433962264151,0.00749063670411985,0.007272727272727273,0.0072992700729927005,0.0,0.0037174721189591076,0.0037174721189591076,0.007518796992481203,0.0076045627376425855,0.007547169811320755,0.00749063670411985,0.007434944237918215,0.007326007326007326,0.007272727272727273,0.0035971223021582736,0.0036496350364963502,0.0,0.0,0.0,0.0,0.0,0.0,0.0,0.0,0.0,0.0,0.0,0.0,0.0
3867,0.18212835246813502,0.11857707509881422,0.12109375,0.12648221343873517,0.1383399209486166,0.1568627450980392,0.16600790513833993,0.14453125,0.1349206349206349,0.12549019607843137,0.11764705882352941,0.1111111111111111,0.0888030888030888,0.09266409266409266,0.08627450980392157,0.07751937984496124,0.06614785992217899,0.05426356589147287,0.03065134099616858,0.023076923076923078,0.007722007722007722,0.0078125,0.00398406374501992,0.003968253968253968,0.0,0.0,0.0,0.0,0.0,0.0,0.0,0.0,0.0,0.0,0.0,0.0,0.0,0.0,0.0,0.0,0.0,0.0,0.0,0.0,0.0,0.0,0.0,0.0,0.0,0.0,0.0,0.0,0.0,0.0,0.0,0.0,0.0,0.0,0.0,0.0,0.0,0.0,0.0,0.0,0.0,0.0,0.0
1634,0.17715691367629896,0.1033210332103321,0.12313432835820895,0.1259259259259259,0.13909774436090225,0.1893939393939394,0.20599250936329588,0.21323529411764705,0.22014925373134328,0.2037037037037037,0.18888888888888888,0.1897810218978102,0.18450184501845018,0.17712177121771217,0.15073529411764705,0.1449814126394052,0.11320754716981132,0.07777777777777778,0.05947955390334572,0.055970149253731345,0.04868913857677903,0.048327137546468404,0.03717472118959108,0.033962264150943396,0.030303030303030304,0.022813688212927757,0.015384615384615385,0.011627906976744186,0.003952569169960474,0.003952569169960474,0.0,0.0,0.0,0.0,0.0,0.0,0.0,0.0,0.0,0.0,0.0,0.0,0.0,0.0,0.0,0.0,0.0,0.0,0.0,0.0,0.0,0.0,0.0,0.0,0.0,0.0,0.0,0.0,0.0,0.0,0.0,0.0,0.0,0.0,0.0,0.0,0.0
801,0.13585605642874699,0.023809523809523808,0.02734375,0.02390438247011952,0.027888446215139442,0.028,0.023622047244094488,0.0234375,0.012096774193548387,0.008,0.00398406374501992,0.004016064257028112,0.0,0.0,0.0,0.0,0.0,0.0,0.0,0.0,0.0,0.0,0.0,0.0,0.0,0.0,0.0,0.0,0.0,0.0,0.0,0.0,0.0,0.0,0.0,0.0,0.0,0.0,0.0,0.0,0.0,0.0,0.0,0.0,0.0,0.0,0.0,0.0,0.0,0.0,0.0,0.0,0.0,0.0,0.0,0.0,0.0,0.0,0.0,0.0,0.0,0.0,0.0,0.0,0.0,0.0,0.0
6781,0.129629553592531,0.076,0.076,0.0992063492063492,0.09803921568627451,0.10505836575875487,0.13257575757575757,0.12734082397003746,0.11363636363636363,0.11152416356877323,0.0898876404494382,0.08118081180811808,0.08088235294117647,0.055350553505535055,0.04814814814814815,0.05223880597014925,0.048327137546468404,0.04779411764705882,0.044444444444444446,0.040892193308550186,0.04044117647058824,0.04,0.03237410071942446,0.017793594306049824,0.014234875444839857,0.014234875444839857,0.0071174377224199285,0.007168458781362007,0.007042253521126761,0.010752688172043012,0.007220216606498195,0.007168458781362007,0.0035587188612099642,0.0035714285714285713,0.0071174377224199285,0.0070921985815602835,0.0071174377224199285,0.007142857142857143,0.010676156583629894,0.007067137809187279,0.01079136690647482,0.01079136690647482,0.01773049645390071,0.02142857142857143,0.021739130434782608,0.01824817518248175,0.01824817518248175,0.007220216606498195,0.007246376811594203,0.003663003663003663,0.0,0.0,0.0,0.0,0.0,0.0,0.0,0.0,0.0,0.0,0.0,0.0,0.0,0.007142857142857143,0.010309278350515464,0.01718213058419244,0.041379310344827586
8728,0.197044946387177,0.10037174721189591,0.09541984732824428,0.1124031007751938,0.10424710424710425,0.14728682170542637,0.18076923076923077,0.19767441860465115,0.20703125,0.19844357976653695,0.19615384615384615,0.18146718146718147,0.15503875968992248,0.13688212927756654,0.10486891385767791,0.08239700374531835,0.06691449814126393,0.06296296296296296,0.05947955390334572,0.06593406593406594,0.06367041198501873,0.05904059040590406,0.06296296296296296,0.05223880597014925,0.057034220532319393,0.04230769230769231,0.04296875,0.04633204633204633,0.02702702702702703,0.027559055118110236,0.023166023166023165,0.019011406844106463,0.0149812734082397,0.0037174721189591076,0.0,0.0,0.0,0.0,0.0,0.0,0.0,0.0,0.0,0.0,0.0,0.0,0.0,0.0,0.0,0.0,0.0,0.0,0.0,0.0,0.0,0.0,0.0,0.0,0.0,0.0,0.0,0.0,0.0,0.0,0.0,0.0,0.0
1073,0.16695552864694002,0.171875,0.1821705426356589,0.21825396825396826,0.233201581027668,0.23790322580645162,0.24390243902439024,0.24110671936758893,0.23015873015873015,0.19444444444444445,0.1952191235059761,0.17928286852589642,0.1568627450980392,0.1225296442687747,0.11023622047244094,0.12350597609561753,0.0933852140077821,0.08846153846153847,0.07539682539682539,0.068,0.06854838709677419,0.060240963855421686,0.06097560975609756,0.05327868852459016,0.036734693877551024,0.04048582995951417,0.045454545454545456,0.053061224489795916,0.055776892430278883,0.05928853754940711,0.05555555555555555,0.05533596837944664,0.04743083003952569,0.043824701195219126,0.0321285140562249,0.024096385542168676,0.02857142857142857,0.01968503937007874,0.011811023622047244,0.012048192771084338,0.012,0.01606425702811245,0.01568627450980392,0.01568627450980392,0.01556420233463035,0.015444015444015444,0.011583011583011582,0.0078125,0.007874015748031496,0.007662835249042145,0.0038314176245210726,0.003861003861003861,0.0038314176245210726,0.003875968992248062,0.011538461538461539,0.015748031496062992,0.01606425702811245,0.01984126984126984,0.023622047244094488,0.03088803088803089,0.04263565891472868,0.0703125,0.10546875,0.144,0.21621621621621623,0.2972972972972973,0.39453125
128,0.10203688467154302,0.040160642570281124,0.036585365853658534,0.024193548387096774,0.01646090534979424,0.01646090534979424,0.00823045267489712,0.00816326530612245,0.004098360655737705,0.0040650406504065045,0.004032258064516129,0.004048582995951417,0.003968253968253968,0.0,0.0,0.0,0.0,0.0,0.0,0.0,0.0,0.0,0.0,0.0,0.0,0.0,0.0,0.0,0.0,0.0,0.0,0.0,0.0,0.0,0.0,0.0,0.0,0.0,0.0,0.0,0.0,0.0,0.0,0.0,0.0,0.0,0.0,0.0,0.0,0.0,0.0,0.0,0.0,0.0,0.0,0.0,0.0,0.0,0.0,0.0,0.0,0.0,0.0,0.0,0.0,0.0,0.0
8889,0.118152108759386,0.06296296296296296,0.055350553505535055,0.04779411764705882,0.04779411764705882,0.04411764705882353,0.032846715328467155,0.02142857142857143,0.021352313167259787,0.014134275618374558,0.0036231884057971015,0.0,0.0,0.0,0.0,0.0,0.0,0.0,0.0,0.0,0.0,0.0,0.0,0.0,0.0,0.0,0.0,0.0,0.0,0.0,0.0,0.0,0.0,0.0,0.0,0.0,0.0,0.0,0.0,0.0,0.0,0.0,0.0,0.0,0.0,0.0,0.0,0.0,0.0,0.0,0.0,0.0,0.0,0.0,0.0,0.0,0.0,0.0,0.0,0.0,0.0,0.0,0.0,0.0,0.0,0.0,0.0
2533,0.162089283706155,0.06274509803921569,0.06349206349206349,0.07058823529411765,0.07905138339920949,0.08108108108108109,0.08712121212121213,0.09056603773584905,0.08745247148288973,0.09022556390977443,0.09056603773584905,0.09328358208955224,0.09615384615384616,0.08812260536398467,0.08778625954198473,0.07662835249042145,0.06589147286821706,0.052830188679245285,0.04150943396226415,0.03018867924528302,0.01845018450184502,0.007407407407407408,0.0,0.0,0.0,0.0037313432835820895,0.011194029850746268,0.018796992481203006,0.0299625468164794,0.045627376425855515,0.052830188679245285,0.0599250936329588,0.05947955390334572,0.06015037593984962,0.06593406593406594,0.07749077490774908,0.08487084870848709,0.08178438661710037,0.07924528301886792,0.061068702290076333,0.07575757575757576,0.09056603773584905,0.0996309963099631,0.10622710622710622,0.10071942446043165,0.08992805755395683,0.09352517985611511,0.10071942446043165,0.099644128113879,0.08571428571428572,0.07042253521126761,0.05,0.052083333333333336,0.05244755244755245,0.06529209621993128,0.06206896551724138,0.06060606060606061,0.05084745762711865,0.05102040816326531,0.051194539249146756,0.043478260869565216,0.051194539249146756,0.05387205387205387,0.10033444816053512,0.15384615384615385,0.24920127795527156,0.36129032258064514
7301,0.13972421714570402,0.06666666666666667,0.08050847457627118,0.07725321888412018,0.07659574468085106,0.07692307692307693,0.0847457627118644,0.07203389830508475,0.053497942386831275,0.05439330543933055,0.029535864978902954,0.029166666666666667,0.024291497975708502,0.016,0.012048192771084338,0.01593625498007968,0.01593625498007968,0.01568627450980392,0.01568627450980392,0.007782101167315175,0.0038910505836575876,0.00392156862745098,0.00390625,0.003875968992248062,0.0,0.0,0.0,0.0,0.0,0.0,0.0,0.0,0.0,0.0,0.0,0.0,0.0,0.0,0.0,0.0,0.0,0.0,0.0,0.0,0.0,0.0,0.0,0.0,0.0,0.0,0.0,0.0,0.0,0.0,0.0,0.0,0.0,0.0,0.0,0.0,0.0,0.0,0.0,0.0,0.0,0.0,0.0
7179,0.212410904327407,0.04198473282442748,0.04980842911877394,0.06299212598425197,0.06374501992031872,0.054901960784313725,0.046875,0.038910505836575876,0.0311284046692607,0.023529411764705882,0.015209125475285171,0.007547169811320755,0.003745318352059925,0.0,0.0,0.0,0.0,0.0,0.0,0.0,0.0,0.0,0.0,0.006825938566552901,0.006802721088435374,0.010273972602739725,0.010273972602739725,0.010273972602739725,0.013468013468013467,0.016891891891891893,0.03333333333333333,0.040268456375838924,0.050335570469798654,0.05704697986577181,0.07094594594594594,0.08389261744966443,0.11262798634812286,0.12162162162162163,0.136986301369863,0.1453287197231834,0.14482758620689656,0.1404109589041096,0.1482758620689655,0.1597222222222222,0.16319444444444445,0.1840277777777778,0.19377162629757785,0.1795774647887324,0.1853146853146853,0.18149466192170818,0.1827956989247312,0.18050541516245489,0.19272727272727272,0.1827956989247312,0.17437722419928825,0.1618705035971223,0.1618705035971223,0.1773049645390071,0.18596491228070175,0.1824561403508772,0.17482517482517482,0.19148936170212766,0.22105263157894736,0.29577464788732394,0.40816326530612246,0.5709459459459459,0.7964912280701755
3189,0.15888822680571998,0.04633204633204633,0.05,0.05,0.038461538461538464,0.034482758620689655,0.02702702702702703,0.022988505747126436,0.019157088122605363,0.01532567049808429,0.007722007722007722,0.00390625,0.003816793893129771,0.0038314176245210726,0.0,0.0,0.0,0.0,0.0,0.0,0.0,0.0,0.0,0.0,0.0,0.0,0.0,0.0,0.0,0.0,0.0,0.0,0.0,0.0,0.0,0.0,0.0,0.0,0.0,0.0,0.0,0.0,0.0,0.0,0.0,0.0,0.0,0.0,0.0,0.0,0.0,0.0,0.0,0.0,0.0,0.0,0.0,0.0,0.0,0.0,0.0,0.0,0.0,0.0,0.0,0.0,0.0
712,0.10730206692824099,0.024193548387096774,0.008064516129032258,0.007936507936507936,0.007662835249042145,0.007722007722007722,0.007575757575757576,0.007352941176470588,0.007434944237918215,0.007518796992481203,0.007722007722007722,0.007782101167315175,0.01171875,0.011494252873563218,0.0037735849056603774,0.0037593984962406013,0.0038314176245210726,0.003816793893129771,0.0038314176245210726,0.0038314176245210726,0.0037313432835820895,0.0,0.0,0.0,0.0,0.0,0.0,0.0,0.0,0.0,0.0,0.0,0.0,0.0,0.0,0.0,0.0,0.0,0.0,0.0,0.0,0.0,0.0,0.0,0.0,0.0,0.0,0.0,0.0,0.0,0.0,0.0,0.0,0.0,0.0,0.0,0.0,0.0,0.0,0.0,0.0,0.0,0.0,0.0,0.0,0.0,0.0
4770,0.145074825477786,0.01532567049808429,0.007692307692307693,0.007662835249042145,0.007692307692307693,0.007662835249042145,0.007633587786259542,0.0,0.0,0.0,0.0,0.0,0.0,0.0,0.0,0.0,0.0,0.0,0.0037593984962406013,0.0037593984962406013,0.0037313432835820895,0.014760147601476014,0.014814814814814815,0.0149812734082397,0.01845018450184502,0.01486988847583643,0.018518518518518517,0.018726591760299626,0.0299625468164794,0.045112781954887216,0.046153846153846156,0.04580152671755725,0.045454545454545456,0.04119850187265917,0.040892193308550186,0.048327137546468404,0.041353383458646614,0.045283018867924525,0.06367041198501873,0.0749063670411985,0.07865168539325842,0.07777777777777778,0.07352941176470588,0.07116104868913857,0.06844106463878327,0.04961832061068702,0.03409090909090909,0.03802281368821293,0.03759398496240601,0.03802281368821293,0.041353383458646614,0.03296703296703297,0.03272727272727273,0.03260869565217391,0.03676470588235294,0.04868913857677903,0.056818181818181816,0.049429657794676805,0.05639097744360902,0.06060606060606061,0.07116104868913857,0.08270676691729323,0.0946969696969697,0.10227272727272728,0.14545454545454545,0.18315018315018314,0.2037037037037037
5587,0.16709320017835097,0.10196078431372549,0.12749003984063745,0.16,0.17551020408163265,0.18072289156626506,0.17269076305220885,0.16996047430830039,0.17391304347826086,0.17063492063492064,0.14457831325301204,0.0963855421686747,0.07377049180327869,0.05220883534136546,0.044534412955465584,0.024193548387096774,0.012,0.004032258064516129,0.004,0.0,0.0,0.0,0.0,0.0,0.0,0.0,0.0,0.0,0.0,0.0,0.0,0.0,0.0,0.0,0.0,0.0,0.0,0.0,0.0,0.0,0.0,0.0,0.0,0.0,0.0,0.0,0.0,0.0,0.0,0.0,0.0,0.0,0.0,0.0,0.0,0.0,0.0,0.0,0.0,0.0,0.0,0.0,0.0,0.0,0.0,0.0,0.0
4002,0.152128903911216,0.09090909090909091,0.1141732283464567,0.14342629482071714,0.16,0.1732283464566929,0.19066147859922178,0.19844357976653695,0.18076923076923077,0.1803921568627451,0.1607843137254902,0.1444866920152091,0.1297709923664122,0.1346153846153846,0.09578544061302682,0.06692913385826772,0.06719367588932806,0.05511811023622047,0.03137254901960784,0.023166023166023165,0.011538461538461539,0.007722007722007722,0.0038461538461538464,0.003861003861003861,0.003875968992248062,0.0,0.0,0.0,0.0,0.0,0.0,0.0,0.0,0.0,0.0,0.0,0.0,0.0,0.0,0.0,0.0,0.0,0.0,0.0,0.0,0.0,0.0,0.0,0.0,0.0,0.0,0.0,0.0,0.0,0.0,0.0,0.0,0.0,0.0,0.0,0.0,0.0,0.0,0.0,0.0,0.0,0.0
1287,0.128359250130598,0.02857142857142857,0.028225806451612902,0.04065040650406504,0.048582995951417005,0.053061224489795916,0.05485232067510549,0.05508474576271186,0.05485232067510549,0.06276150627615062,0.04979253112033195,0.04918032786885246,0.03225806451612903,0.03529411764705882,0.03614457831325301,0.06477732793522267,0.055776892430278883,0.056,0.05179282868525897,0.047058823529411764,0.043824701195219126,0.0398406374501992,0.04435483870967742,0.016194331983805668,0.012195121951219513,0.008,0.008,0.008,0.003937007874015748,0.003968253968253968,0.003952569169960474,0.00398406374501992,0.0,0.0,0.0,0.0,0.0,0.0,0.0,0.0,0.0,0.0,0.0,0.0,0.0,0.0,0.0,0.0,0.0,0.0,0.0,0.0,0.0,0.0,0.0,0.0,0.0,0.0,0.0,0.0,0.0,0.0,0.0,0.0,0.0,0.0,0.0
9578,0.178863800846739,0.1,0.14457831325301204,0.1935483870967742,0.22857142857142856,0.2612244897959184,0.2782258064516129,0.2816326530612245,0.25609756097560976,0.2631578947368421,0.23265306122448978,0.20318725099601595,0.18253968253968253,0.14682539682539683,0.13095238095238096,0.108,0.116,0.10441767068273092,0.10236220472440945,0.09881422924901186,0.07905138339920949,0.08235294117647059,0.07936507936507936,0.0625,0.05905511811023622,0.05138339920948617,0.051587301587301584,0.036585365853658534,0.036290322580645164,0.04330708661417323,0.04230769230769231,0.02702702702702703,0.026515151515151516,0.04980842911877394,0.052830188679245285,0.05725190839694656,0.07335907335907337,0.06844106463878327,0.06923076923076923,0.0694980694980695,0.06060606060606061,0.057692307692307696,0.056179775280898875,0.045112781954887216,0.04814814814814815,0.03435114503816794,0.034220532319391636,0.03731343283582089,0.03383458646616541,0.03007518796992481,0.030303030303030304,0.030303030303030304,0.02681992337164751,0.022727272727272728,0.026119402985074626,0.018796992481203006,0.018656716417910446,0.015037593984962405,0.007633587786259542,0.007518796992481203,0.0,0.0,0.0037313432835820895,0.003663003663003663,0.003472222222222222,0.003436426116838488,0.010416666666666666
6272,0.20595092587755104,0.08936170212765958,0.07234042553191489,0.07296137339055794,0.06694560669456066,0.06276150627615062,0.07053941908713693,0.0759493670886076,0.0759493670886076,0.08438818565400844,0.07264957264957266,0.07172995780590717,0.06224066390041494,0.058823529411764705,0.05394190871369295,0.045454545454545456,0.02066115702479339,0.02066115702479339,0.012448132780082987,0.004149377593360996,0.0,0.0,0.0,0.0,0.0,0.0,0.0,0.0,0.0,0.0,0.0,0.0,0.0,0.0,0.0,0.0,0.0,0.0,0.0,0.0,0.0,0.0,0.0,0.0,0.0,0.0,0.0,0.0,0.0,0.0,0.0,0.0,0.0,0.0,0.0,0.0,0.0,0.0,0.0,0.0,0.0,0.0,0.0,0.0,0.0,0.0,0.0
6988,0.122014109714655,0.02092050209205021,0.01646090534979424,0.02857142857142857,0.024291497975708502,0.024291497975708502,0.02390438247011952,0.027559055118110236,0.027131782945736434,0.02766798418972332,0.02766798418972332,0.02702702702702703,0.019230769230769232,0.022727272727272728,0.018796992481203006,0.018656716417910446,0.011111111111111112,0.011029411764705883,0.010869565217391304,0.010714285714285714,0.010830324909747292,0.010526315789473684,0.006920415224913495,0.006872852233676976,0.007017543859649123,0.0034602076124567475,0.006896551724137931,0.006896551724137931,0.006920415224913495,0.010526315789473684,0.017421602787456445,0.02097902097902098,0.027491408934707903,0.03103448275862069,0.030821917808219176,0.034013605442176874,0.027491408934707903,0.020618556701030927,0.020833333333333332,0.013888888888888888,0.006872852233676976,0.006802721088435374,0.010135135135135136,0.010169491525423728,0.006896551724137931,0.006872852233676976,0.006711409395973154,0.0033783783783783786,0.0033444816053511705,0.0,0.0033112582781456954,0.003355704697986577,0.0032679738562091504,0.003289473684210526,0.0033003300330033004,0.006622516556291391,0.006578947368421052,0.006644518272425249,0.0033003300330033004,0.0032679738562091504,0.003278688524590164,0.003194888178913738,0.003215434083601286,0.003215434083601286,0.0,0.0,0.0
5990,0.224795794958482,0.15767634854771784,0.16182572614107885,0.17647058823529413,0.18828451882845187,0.19421487603305784,0.1836734693877551,0.2056451612903226,0.20161290322580644,0.20481927710843373,0.212,0.17786561264822134,0.1746031746031746,0.15234375,0.1377952755905512,0.11553784860557768,0.10276679841897234,0.08171206225680934,0.06772908366533864,0.07569721115537849,0.07317073170731707,0.05952380952380952,0.04780876494023904,0.044,0.04878048780487805,0.051587301587301584,0.04296875,0.04263565891472868,0.023255813953488372,0.019083969465648856,0.0149812734082397,0.011363636363636364,0.0038461538461538464,0.0,0.0,0.0,0.0,0.0,0.0,0.0,0.0,0.0,0.0,0.0,0.0,0.0,0.0,0.0,0.0,0.0,0.0,0.0,0.0,0.0,0.0,0.0,0.0,0.0,0.0,0.0,0.0,0.0,0.0,0.0,0.0,0.0,0.0
420,0.220187815476675,0.1532258064516129,0.1865079365079365,0.21912350597609562,0.24603174603174602,0.2823529411764706,0.30859375,0.30566037735849055,0.30566037735849055,0.30303030303030304,0.26996197718631176,0.23484848484848486,0.20532319391634982,0.1839080459770115,0.15384615384615385,0.14285714285714285,0.10236220472440945,0.08235294117647059,0.06177606177606178,0.05639097744360902,0.07664233576642336,0.08303249097472924,0.08633093525179857,0.11071428571428571,0.11702127659574468,0.12811387900355872,0.13732394366197184,0.15492957746478872,0.1453900709219858,0.13380281690140844,0.1206896551724138,0.11262798634812286,0.1152542372881356,0.11224489795918367,0.10067114093959731,0.07692307692307693,0.07046979865771812,0.07744107744107744,0.07796610169491526,0.07,0.08196721311475409,0.08441558441558442,0.10679611650485436,0.12211221122112212,0.12956810631229235,0.16666666666666666,0.20408163265306123,0.2191780821917808,0.25,0.2764505119453925,0.30067567567567566,0.29591836734693877,0.27303754266211605,0.28027681660899656,0.28865979381443296,0.2979452054794521,0.2906574394463668,0.2777777777777778,0.2756183745583039,0.25874125874125875,0.2902097902097902,0.3649122807017544,0.4507042253521127,0.599290780141844,0.7291666666666666,0.8408304498269896,0.8819444444444444
4687,0.17606229908415102,0.2681992337164751,0.27099236641221375,0.3333333333333333,0.3383458646616541,0.34210526315789475,0.3308270676691729,0.332089552238806,0.3358208955223881,0.34962406015037595,0.3271375464684015,0.2825278810408922,0.23722627737226276,0.213768115942029,0.19133574007220217,0.15579710144927536,0.10507246376811594,0.07971014492753623,0.072992700729927,0.05357142857142857,0.06474820143884892,0.05357142857142857,0.0636042402826855,0.05673758865248227,0.05653710247349823,0.053003533568904596,0.043010752688172046,0.03260869565217391,0.021897810218978103,0.01845018450184502,0.018518518518518517,0.014925373134328358,0.014925373134328358,0.011363636363636364,0.0038022813688212928,0.0,0.0,0.0,0.0,0.0,0.0,0.0,0.0,0.0,0.0,0.0,0.0,0.0,0.0,0.0,0.0,0.0,0.0,0.0,0.0,0.0,0.0,0.0,0.0,0.0,0.0,0.0,0.0,0.0,0.0,0.0,0.0
2959,0.176788241119357,0.08502024291497975,0.09053497942386832,0.0954356846473029,0.11440677966101695,0.1111111111111111,0.10975609756097561,0.08536585365853659,0.07723577235772358,0.052845528455284556,0.036734693877551024,0.02880658436213992,0.02092050209205021,0.01652892561983471,0.01639344262295082,0.024691358024691357,0.032388663967611336,0.03543307086614173,0.03968253968253968,0.040160642570281124,0.044,0.043478260869565216,0.03937007874015748,0.03501945525291829,0.023255813953488372,0.019455252918287938,0.023166023166023165,0.01953125,0.01532567049808429,0.011764705882352941,0.007874015748031496,0.007874015748031496,0.01195219123505976,0.011811023622047244,0.0078125,0.015503875968992248,0.02734375,0.03937007874015748,0.03875968992248062,0.0421455938697318,0.045112781954887216,0.06896551724137931,0.0946969696969697,0.10486891385767791,0.1111111111111111,0.13333333333333333,0.14695340501792115,0.17204301075268819,0.23381294964028776,0.25357142857142856,0.2589928057553957,0.2887323943661972,0.2982456140350877,0.29225352112676056,0.29310344827586204,0.3127147766323024,0.3159722222222222,0.2743055555555556,0.2653061224489796,0.2516778523489933,0.2636986301369863,0.2682926829268293,0.3286219081272085,0.36594202898550726,0.45422535211267606,0.5368421052631579,0.6655052264808362
9301,0.168083113938337,0.008583690987124463,0.004310344827586207,0.0,0.0,0.0,0.0,0.0,0.0,0.0,0.0,0.0,0.0,0.0,0.0,0.0,0.0,0.0,0.0,0.0,0.0,0.0,0.0,0.0,0.0,0.0,0.0,0.0,0.0,0.0,0.0,0.0,0.0,0.0,0.0,0.0,0.0,0.0,0.0,0.0,0.0,0.0,0.0,0.0,0.0,0.0,0.0,0.0,0.0,0.0,0.0,0.0,0.0,0.0,0.0,0.0,0.0,0.0,0.0,0.0,0.0,0.0,0.0,0.0,0.0,0.0,0.0
4623,0.15588905506883702,0.050387596899224806,0.05363984674329502,0.05725190839694656,0.055970149253731345,0.055970149253731345,0.058823529411764705,0.05223880597014925,0.061068702290076333,0.06037735849056604,0.0421455938697318,0.046153846153846156,0.05405405405405406,0.056818181818181816,0.06037735849056604,0.06037735849056604,0.055762081784386616,0.04693140794223827,0.028469750889679714,0.02877697841726619,0.025362318840579712,0.018050541516245487,0.0036363636363636364,0.0036101083032490976,0.0,0.0,0.0,0.0,0.0,0.0,0.0,0.0,0.0,0.0,0.0,0.0,0.0,0.0,0.0,0.0,0.0,0.0,0.0,0.0,0.0,0.0,0.0,0.0,0.0,0.0,0.0,0.0,0.0,0.0,0.0,0.0,0.0,0.0,0.0,0.0,0.0,0.0,0.0,0.0,0.0,0.0,0.0
1628,0.206334878515918,0.17886178861788618,0.1721311475409836,0.232,0.2591093117408907,0.26104417670682734,0.29411764705882354,0.3023255813953488,0.2890625,0.2653846153846154,0.26136363636363635,0.21348314606741572,0.18045112781954886,0.13703703703703704,0.09558823529411764,0.08856088560885608,0.07835820895522388,0.07749077490774908,0.07011070110701106,0.06909090909090909,0.06204379562043796,0.047619047619047616,0.03690036900369004,0.03296703296703297,0.03260869565217391,0.02909090909090909,0.025362318840579712,0.02952029520295203,0.03663003663003663,0.04477611940298507,0.05128205128205128,0.051094890510948905,0.04710144927536232,0.039711191335740074,0.03558718861209965,0.03571428571428571,0.021505376344086023,0.014285714285714285,0.003663003663003663,0.0,0.0,0.0,0.0,0.0,0.0,0.0,0.0,0.0,0.0,0.0,0.0,0.0,0.0,0.0,0.0,0.0,0.0,0.0,0.0,0.0,0.0,0.0,0.0,0.0,0.0,0.0,0.0
4826,0.147259966679849,0.024096385542168676,0.027559055118110236,0.015748031496062992,0.01593625498007968,0.016194331983805668,0.012244897959183673,0.012295081967213115,0.012605042016806723,0.012552301255230125,0.008333333333333333,0.00411522633744856,0.0,0.0,0.0,0.0,0.0,0.0,0.0,0.0,0.0,0.0040650406504065045,0.0040650406504065045,0.004098360655737705,0.00411522633744856,0.004048582995951417,0.004016064257028112,0.003968253968253968,0.004,0.003952569169960474,0.003952569169960474,0.0,0.0,0.0,0.0,0.0,0.0,0.0,0.0,0.0,0.0,0.0,0.0,0.0,0.0,0.0,0.0,0.0,0.0,0.0,0.0,0.0,0.0,0.0,0.0,0.0,0.0,0.0,0.0,0.0,0.0,0.0,0.0,0.0,0.0,0.0,0.0
2884,0.16356629177462303,0.02510460251046025,0.025210084033613446,0.02074688796680498,0.020242914979757085,0.020161290322580645,0.012096774193548387,0.01195219123505976,0.015873015873015872,0.019762845849802372,0.020080321285140562,0.02390438247011952,0.01568627450980392,0.01556420233463035,0.015267175572519083,0.011583011583011582,0.011494252873563218,0.007662835249042145,0.0038314176245210726,0.0,0.0,0.0,0.0,0.0,0.0,0.0,0.0,0.0,0.0,0.0,0.0,0.0,0.0,0.0,0.0,0.0,0.0,0.0,0.0,0.0,0.0,0.0,0.0,0.0,0.0,0.0,0.0,0.0,0.0,0.0,0.0,0.0,0.0,0.0,0.0,0.0,0.0,0.0,0.0,0.0,0.0,0.0,0.0,0.0,0.0,0.0,0.0
2126,0.16593799519469,0.06201550387596899,0.05426356589147287,0.06923076923076923,0.06589147286821706,0.07003891050583658,0.07450980392156863,0.07003891050583658,0.06614785992217899,0.05952380952380952,0.05220883534136546,0.05220883534136546,0.032388663967611336,0.023809523809523808,0.01195219123505976,0.012145748987854251,0.00819672131147541,0.020491803278688523,0.024691358024691357,0.0371900826446281,0.053497942386831275,0.058091286307053944,0.05,0.06224066390041494,0.06722689075630252,0.06172839506172839,0.05241935483870968,0.05138339920948617,0.04780876494023904,0.03614457831325301,0.027777777777777776,0.0199203187250996,0.015873015873015872,0.008032128514056224,0.00398406374501992,0.003952569169960474,0.0,0.0,0.0,0.0,0.0,0.0,0.0,0.0,0.0,0.0,0.0,0.0,0.0,0.0,0.0,0.0,0.0,0.0,0.0,0.0,0.0,0.0,0.0,0.0,0.0,0.0,0.0,0.0,0.0,0.0,0.0
1323,0.106438990141032,0.04897959183673469,0.03614457831325301,0.02459016393442623,0.02459016393442623,0.01639344262295082,0.01639344262295082,0.015810276679841896,0.012,0.011811023622047244,0.007575757575757576,0.003787878787878788,0.0,0.0,0.0,0.0,0.0,0.0,0.0,0.0,0.0,0.0,0.0,0.0,0.0,0.0,0.0,0.0,0.0,0.0,0.0,0.0,0.0,0.0,0.0,0.0,0.0,0.0,0.0,0.0,0.0,0.0,0.0,0.0,0.0,0.0,0.0,0.0,0.0,0.0,0.0,0.0,0.0,0.0,0.0,0.0,0.0,0.0,0.0,0.0,0.0,0.0,0.0,0.0,0.0,0.0,0.0
8672,0.16255197268328603,0.07368421052631578,0.08098591549295775,0.0931899641577061,0.09191176470588236,0.09225092250922509,0.09774436090225563,0.08712121212121213,0.07984790874524715,0.06818181818181818,0.06666666666666667,0.054945054945054944,0.04710144927536232,0.03636363636363636,0.02888086642599278,0.02464788732394366,0.017857142857142856,0.014336917562724014,0.014285714285714285,0.010676156583629894,0.007194244604316547,0.0035842293906810036,0.0035460992907801418,0.0,0.0,0.0,0.0,0.0,0.0,0.0,0.0,0.0,0.0,0.0,0.0,0.0,0.0,0.0,0.0,0.0,0.0,0.0,0.0,0.0,0.0,0.0,0.0,0.0,0.0,0.0,0.0,0.0,0.0,0.0,0.0,0.0,0.0,0.0,0.0,0.0,0.0,0.0,0.0,0.0,0.0,0.0,0.0
695,0.0723114111518953,0.022641509433962263,0.026119402985074626,0.018656716417910446,0.02247191011235955,0.022222222222222223,0.03272727272727273,0.03597122302158273,0.02952029520295203,0.036231884057971016,0.03345724907063197,0.029304029304029304,0.021660649819494584,0.021352313167259787,0.013986013986013986,0.007220216606498195,0.0,0.0,0.0,0.0,0.0,0.0,0.0,0.0,0.0,0.0,0.0,0.0,0.0,0.0,0.0,0.0,0.0035587188612099642,0.0035587188612099642,0.006993006993006993,0.006993006993006993,0.007042253521126761,0.010676156583629894,0.0071174377224199285,0.007067137809187279,0.006993006993006993,0.0035460992907801418,0.0035971223021582736,0.0036101083032490976,0.0035971223021582736,0.0035587188612099642,0.0035460992907801418,0.0,0.0,0.0,0.003472222222222222,0.0035335689045936395,0.0035211267605633804,0.0035714285714285713,0.0035087719298245615,0.003484320557491289,0.0034482758620689655,0.0,0.0,0.0,0.0,0.0,0.0,0.0,0.0,0.0,0.0
4867,0.144715978135355,0.056451612903225805,0.04149377593360996,0.036885245901639344,0.036290322580645164,0.036,0.031746031746031744,0.023715415019762844,0.02766798418972332,0.023622047244094488,0.0196078431372549,0.015873015873015872,0.011811023622047244,0.011811023622047244,0.011857707509881422,0.003937007874015748,0.0,0.0,0.0,0.0,0.0,0.0,0.0,0.0,0.0,0.0,0.0,0.0,0.0,0.0,0.0,0.0,0.0,0.0,0.0,0.0,0.0,0.0,0.0,0.0,0.0,0.0,0.0,0.0,0.0,0.0,0.0,0.0,0.0,0.0,0.0,0.0,0.0,0.0,0.0,0.0,0.0,0.0,0.0,0.0,0.0,0.0,0.0,0.0,0.0,0.0,0.0
793,0.22332495455630103,0.14122137404580154,0.17557251908396945,0.22900763358778625,0.2556390977443609,0.2537878787878788,0.2857142857142857,0.299625468164794,0.30451127819548873,0.3106060606060606,0.25757575757575757,0.23220973782771537,0.208955223880597,0.18352059925093633,0.16176470588235295,0.17228464419475656,0.16165413533834586,0.13108614232209737,0.12781954887218044,0.12781954887218044,0.11363636363636363,0.07547169811320754,0.05555555555555555,0.04460966542750929,0.011278195488721804,0.0037313432835820895,0.0,0.0,0.0,0.0,0.0,0.0,0.0,0.0,0.0,0.0,0.0,0.0,0.0,0.0,0.0,0.0,0.0,0.0,0.0,0.0,0.0,0.0,0.0,0.0,0.0,0.0,0.0,0.0,0.0,0.0,0.0,0.0,0.0,0.0,0.0,0.0,0.0,0.0,0.0,0.0,0.0
969,0.102273580961628,0.02197802197802198,0.018115942028985508,0.014925373134328358,0.014760147601476014,0.011194029850746268,0.007407407407407408,0.003816793893129771,0.003861003861003861,0.003875968992248062,0.0038910505836575876,0.0037593984962406013,0.0,0.0,0.0,0.0,0.0,0.0,0.0,0.0,0.0,0.0,0.0,0.0,0.0,0.0,0.0,0.0,0.0,0.0,0.0,0.0,0.0,0.0,0.0,0.0,0.0,0.0,0.0,0.0,0.0,0.0,0.0,0.0,0.0,0.0,0.0,0.0,0.0,0.0,0.0,0.0,0.0,0.0,0.0,0.0,0.0,0.0,0.0,0.0,0.0,0.0,0.0,0.0,0.0,0.0,0.0
6745,0.17786672959337,0.052830188679245285,0.06792452830188679,0.07806691449814127,0.08712121212121213,0.0842911877394636,0.10112359550561797,0.10687022900763359,0.09961685823754789,0.09398496240601503,0.07954545454545454,0.05019305019305019,0.022727272727272728,0.015267175572519083,0.007722007722007722,0.0078125,0.003816793893129771,0.003703703703703704,0.0,0.0,0.0,0.0,0.0,0.0,0.0,0.0,0.0,0.0,0.0,0.0,0.0,0.0,0.0,0.0,0.0,0.0,0.0,0.0,0.0,0.0,0.0,0.0,0.0,0.0,0.0,0.0,0.0,0.0,0.0,0.0,0.0,0.0,0.0,0.0,0.0,0.0,0.0,0.0,0.0,0.0,0.0,0.0,0.0,0.0,0.0,0.0,0.0
9996,0.17384329897468,0.08421052631578947,0.09407665505226481,0.14285714285714285,0.17993079584775087,0.18556701030927836,0.2326388888888889,0.2597864768683274,0.2571428571428571,0.2624113475177305,0.24742268041237114,0.23972602739726026,0.1896551724137931,0.16206896551724137,0.13588850174216027,0.12631578947368421,0.11387900355871886,0.08865248226950355,0.07017543859649122,0.04482758620689655,0.034129692832764506,0.013745704467353952,0.003401360544217687,0.0034129692832764505,0.0034129692832764505,0.0,0.0,0.0,0.0,0.0,0.0,0.0,0.0,0.0,0.0,0.0,0.0,0.0,0.0,0.0,0.0,0.0,0.0,0.0,0.0,0.0,0.0,0.0,0.0,0.0,0.0,0.0,0.0,0.0,0.0,0.0,0.0,0.0,0.0,0.0,0.0,0.0,0.0,0.0,0.0,0.0,0.0
8989,0.19441893086768697,0.07526881720430108,0.11913357400722022,0.16129032258064516,0.17667844522968199,0.17482517482517482,0.19014084507042253,0.19298245614035087,0.18596491228070175,0.16376306620209058,0.14855072463768115,0.1223021582733813,0.08960573476702509,0.06593406593406594,0.06227106227106227,0.048507462686567165,0.02631578947368421,0.0037174721189591076,0.0037174721189591076,0.003676470588235294,0.0,0.0,0.0,0.0,0.0,0.0,0.0,0.0,0.0,0.0,0.0,0.0,0.0,0.0,0.0,0.0,0.0,0.0,0.0,0.0,0.0,0.0,0.0,0.0,0.0,0.0,0.0,0.0,0.0,0.0,0.0,0.0,0.0,0.0,0.0,0.0,0.0,0.0,0.0,0.0,0.0,0.0,0.0,0.0,0.0,0.0,0.0
7992,0.0780029055778868,0.023809523809523808,0.02390438247011952,0.024,0.020491803278688523,0.02,0.015748031496062992,0.015444015444015444,0.01532567049808429,0.01532567049808429,0.015209125475285171,0.018867924528301886,0.022900763358778626,0.02702702702702703,0.03137254901960784,0.027237354085603113,0.026717557251908396,0.01532567049808429,0.011320754716981131,0.011450381679389313,0.007518796992481203,0.003663003663003663,0.0,0.0,0.0,0.0,0.0036900369003690036,0.003663003663003663,0.0035842293906810036,0.0035842293906810036,0.003484320557491289,0.0034602076124567475,0.0,0.0,0.0,0.0,0.0,0.0,0.0,0.0,0.0,0.0,0.0,0.0,0.0,0.0,0.0,0.0,0.0,0.0,0.0,0.0,0.0,0.0,0.0,0.0,0.0,0.0,0.0,0.0,0.0,0.0,0.0,0.0,0.0,0.0,0.0
8460,0.151221669907682,0.041353383458646614,0.03065134099616858,0.015384615384615385,0.011494252873563218,0.011627906976744186,0.015444015444015444,0.015384615384615385,0.011583011583011582,0.0234375,0.036,0.04,0.043478260869565216,0.04032258064516129,0.044534412955465584,0.040983606557377046,0.044715447154471545,0.02834008097165992,0.028455284552845527,0.028688524590163935,0.020833333333333332,0.016666666666666666,0.02066115702479339,0.020833333333333332,0.04132231404958678,0.04048582995951417,0.04838709677419355,0.05952380952380952,0.06854838709677419,0.07630522088353414,0.08870967741935484,0.09561752988047809,0.0703125,0.0625,0.05303030303030303,0.041666666666666664,0.05303030303030303,0.045454545454545456,0.03773584905660377,0.022556390977443608,0.022641509433962263,0.015209125475285171,0.014760147601476014,0.01107011070110701,0.007462686567164179,0.0037174721189591076,0.0,0.0,0.0,0.0,0.0,0.0,0.0,0.0,0.0,0.0,0.0,0.0,0.0,0.0,0.0,0.0,0.0,0.0,0.0,0.0,0.0
6008,0.160207735426957,0.09765625,0.10894941634241245,0.125,0.14919354838709678,0.15019762845849802,0.16279069767441862,0.17829457364341086,0.17557251908396945,0.17716535433070865,0.1484375,0.11923076923076924,0.11363636363636363,0.11235955056179775,0.10687022900763359,0.10727969348659004,0.0842911877394636,0.06844106463878327,0.04905660377358491,0.03802281368821293,0.03461538461538462,0.015209125475285171,0.007633587786259542,0.007633587786259542,0.0038314176245210726,0.0,0.0,0.0,0.0,0.0,0.0,0.0,0.0,0.0,0.0,0.0,0.0,0.0,0.0,0.0,0.0,0.0,0.0,0.0,0.0,0.0,0.0,0.0,0.0,0.0,0.0,0.0,0.0,0.0,0.0,0.0,0.0,0.0,0.0,0.0,0.0,0.0,0.0,0.0,0.0,0.0,0.0
2032,0.187888805405237,0.0035842293906810036,0.0,0.0,0.0,0.0,0.0,0.0,0.0,0.0,0.0,0.0,0.0,0.0,0.0,0.0,0.0,0.0,0.0,0.0,0.0,0.0,0.0,0.0,0.0,0.0,0.0,0.0,0.0,0.0,0.0,0.0,0.0,0.0,0.0,0.0,0.0,0.0,0.0,0.0,0.0,0.0,0.0,0.0,0.0,0.0,0.0,0.0,0.0,0.0,0.0,0.0,0.0,0.0,0.0,0.0,0.0,0.0,0.0,0.0,0.0,0.0,0.0,0.0,0.0,0.0,0.0
1699,0.11379510380211301,0.155893536121673,0.17424242424242425,0.17045454545454544,0.1797752808988764,0.15867158671586715,0.1575091575091575,0.1299638989169675,0.125,0.11355311355311355,0.10622710622710622,0.08455882352941177,0.058394160583941604,0.057971014492753624,0.043795620437956206,0.05166051660516605,0.04059040590405904,0.0364963503649635,0.03296703296703297,0.02888086642599278,0.03180212014134275,0.031914893617021274,0.028268551236749116,0.021052631578947368,0.02127659574468085,0.017793594306049824,0.014184397163120567,0.014134275618374558,0.01056338028169014,0.0034129692832764505,0.0,0.0034129692832764505,0.010416666666666666,0.017361111111111112,0.02422145328719723,0.02413793103448276,0.034482758620689655,0.03484320557491289,0.03460207612456748,0.0313588850174216,0.02456140350877193,0.017543859649122806,0.017421602787456445,0.013888888888888888,0.01060070671378092,0.01079136690647482,0.01056338028169014,0.006968641114982578,0.003436426116838488,0.003424657534246575,0.0034482758620689655,0.0,0.0,0.0,0.0,0.0,0.0,0.0,0.0,0.0,0.0,0.0,0.0,0.0,0.0,0.0,0.0
8570,0.157484912633663,0.1299638989169675,0.1510791366906475,0.1708185053380783,0.1696113074204947,0.1824561403508772,0.17192982456140352,0.16319444444444445,0.13333333333333333,0.12411347517730496,0.11347517730496454,0.08571428571428572,0.06451612903225806,0.04964539007092199,0.03859649122807018,0.02464788732394366,0.02112676056338028,0.017123287671232876,0.010416666666666666,0.006993006993006993,0.007042253521126761,0.007042253521126761,0.0034965034965034965,0.0,0.0,0.0,0.0,0.0,0.0,0.0,0.0,0.0,0.0,0.0,0.0,0.0,0.0,0.0,0.0,0.0,0.0,0.0,0.0,0.0,0.0,0.0,0.0,0.0,0.0,0.0,0.0,0.0,0.0,0.0,0.0,0.0,0.0,0.0,0.0,0.0,0.0,0.0,0.0,0.0,0.0,0.0,0.0
2724,0.130247289064573,0.0989010989010989,0.10583941605839416,0.12639405204460966,0.11851851851851852,0.10820895522388059,0.11851851851851852,0.10256410256410256,0.08029197080291971,0.06985294117647059,0.053231939163498096,0.03773584905660377,0.030534351145038167,0.022556390977443608,0.015209125475285171,0.007722007722007722,0.0038314176245210726,0.0038022813688212928,0.0,0.0,0.0,0.0,0.0,0.0,0.0,0.0,0.0,0.0,0.0,0.0,0.0,0.0,0.0,0.0,0.0,0.0,0.0,0.0,0.0,0.0,0.0,0.0,0.0,0.0,0.0,0.0,0.0,0.0,0.0,0.0,0.0,0.0,0.0,0.0,0.0,0.0,0.0,0.0,0.0,0.0,0.0,0.0,0.0,0.0,0.0,0.0,0.0
8292,0.184444684529444,0.1124031007751938,0.13565891472868216,0.17898832684824903,0.1953125,0.203125,0.19678714859437751,0.18725099601593626,0.1541501976284585,0.1411764705882353,0.13147410358565736,0.11462450592885376,0.11023622047244094,0.10317460317460317,0.09375,0.08560311284046693,0.07450980392156863,0.07480314960629922,0.05622489959839357,0.04330708661417323,0.043824701195219126,0.048,0.05511811023622047,0.054474708171206226,0.05905511811023622,0.05928853754940711,0.05179282868525897,0.048582995951417005,0.048,0.04743083003952569,0.0311284046692607,0.027131782945736434,0.015267175572519083,0.00749063670411985,0.007722007722007722,0.007633587786259542,0.01532567049808429,0.019157088122605363,0.022900763358778626,0.026415094339622643,0.026615969581749048,0.022641509433962263,0.015037593984962405,0.007547169811320755,0.007575757575757576,0.007575757575757576,0.0037313432835820895,0.0037593984962406013,0.003745318352059925,0.0,0.0,0.0,0.0,0.0,0.0,0.0,0.0,0.0,0.0,0.0,0.0,0.0,0.0,0.0,0.0,0.0,0.0
8789,0.14136831823852802,0.08196721311475409,0.1078838174273859,0.11570247933884298,0.11983471074380166,0.13008130081300814,0.12,0.12598425196850394,0.1141732283464567,0.10038610038610038,0.05555555555555555,0.04,0.020242914979757085,0.00819672131147541,0.004132231404958678,0.0,0.0,0.0,0.0,0.0,0.0,0.0,0.0,0.0,0.0,0.0,0.0,0.0,0.0,0.0,0.0,0.0,0.0,0.0,0.0,0.0,0.0,0.0,0.0,0.0,0.0,0.0,0.0,0.0,0.0,0.0,0.0,0.0,0.0,0.0,0.0,0.0,0.0,0.0,0.0,0.0,0.0,0.0,0.0,0.0,0.0,0.0,0.0,0.0,0.0,0.0,0.0
7638,0.0995775508927181,0.03985507246376811,0.03225806451612903,0.02877697841726619,0.01773049645390071,0.013937282229965157,0.01060070671378092,0.01056338028169014,0.010752688172043012,0.0036363636363636364,0.0036363636363636364,0.0,0.0,0.0,0.0,0.0,0.0,0.0,0.0,0.0036900369003690036,0.007246376811594203,0.011029411764705883,0.014388489208633094,0.014285714285714285,0.014388489208633094,0.014492753623188406,0.014492753623188406,0.007326007326007326,0.0037313432835820895,0.00749063670411985,0.011278195488721804,0.007575757575757576,0.007751937984496124,0.007575757575757576,0.0076045627376425855,0.007518796992481203,0.007462686567164179,0.011235955056179775,0.0149812734082397,0.014814814814814815,0.026022304832713755,0.025925925925925925,0.02867383512544803,0.02888086642599278,0.025,0.017985611510791366,0.014134275618374558,0.014035087719298246,0.007168458781362007,0.007194244604316547,0.007352941176470588,0.007246376811594203,0.010830324909747292,0.01090909090909091,0.007272727272727273,0.01107011070110701,0.010948905109489052,0.010869565217391304,0.010752688172043012,0.014545454545454545,0.014134275618374558,0.01048951048951049,0.00684931506849315,0.0034129692832764505,0.0033222591362126247,0.006578947368421052,0.006644518272425249
6027,0.13637422078754802,0.061068702290076333,0.04924242424242424,0.05660377358490566,0.05,0.049429657794676805,0.053231939163498096,0.03802281368821293,0.0311284046692607,0.027237354085603113,0.023255813953488372,0.01937984496124031,0.011450381679389313,0.01509433962264151,0.0149812734082397,0.011538461538461539,0.015209125475285171,0.015384615384615385,0.015209125475285171,0.01486988847583643,0.014760147601476014,0.018315018315018316,0.014760147601476014,0.018315018315018316,0.022641509433962263,0.022641509433962263,0.022556390977443608,0.022304832713754646,0.014760147601476014,0.011029411764705883,0.011111111111111112,0.007352941176470588,0.0,0.0,0.0,0.0,0.0,0.0,0.0,0.0,0.0,0.0,0.0,0.0,0.0,0.0,0.0,0.0,0.0,0.0,0.0,0.0,0.0,0.0,0.0,0.0,0.0,0.0,0.0,0.0,0.0,0.0,0.0,0.0,0.0,0.0,0.0
9122,0.22425754659925604,0.11851851851851852,0.1575091575091575,0.15808823529411764,0.16728624535315986,0.16423357664233576,0.20072992700729927,0.2116788321167883,0.21454545454545454,0.24014336917562723,0.24731182795698925,0.2571428571428571,0.24555160142348753,0.22614840989399293,0.2313167259786477,0.22580645161290322,0.19434628975265017,0.1619718309859155,0.1347517730496454,0.11387900355871886,0.08602150537634409,0.06474820143884892,0.050359712230215826,0.043478260869565216,0.014545454545454545,0.007326007326007326,0.003703703703703704,0.0,0.0,0.0,0.0,0.0,0.0,0.0,0.0,0.0,0.0,0.0,0.0,0.0,0.0,0.0,0.0,0.0,0.0,0.0,0.0,0.0,0.0,0.0,0.0,0.0,0.0,0.0,0.0,0.0,0.0,0.0,0.0,0.0,0.0,0.0,0.0,0.0,0.0,0.0,0.0
6585,0.119170663534896,0.09302325581395349,0.09961685823754789,0.12547528517110265,0.10727969348659004,0.11450381679389313,0.10646387832699619,0.08235294117647059,0.08203125,0.0784313725490196,0.05426356589147287,0.0421455938697318,0.023076923076923078,0.023166023166023165,0.015151515151515152,0.018867924528301886,0.015384615384615385,0.022988505747126436,0.023346303501945526,0.02681992337164751,0.026515151515151516,0.022222222222222223,0.014814814814814815,0.0149812734082397,0.007633587786259542,0.007662835249042145,0.0038461538461538464,0.0,0.0,0.0,0.0,0.0,0.0,0.0,0.0,0.0,0.0,0.0,0.0,0.0,0.0,0.0,0.0,0.0,0.0,0.0,0.0,0.0,0.0,0.0,0.0,0.0,0.0,0.0,0.0,0.0,0.0,0.0,0.0,0.0,0.0,0.0,0.0,0.0,0.0,0.0,0.0
8381,0.0930773222178686,0.003952569169960474,0.007905138339920948,0.012096774193548387,0.012295081967213115,0.024096385542168676,0.027888446215139442,0.03125,0.03474903474903475,0.030534351145038167,0.03861003861003861,0.03474903474903475,0.03816793893129771,0.03816793893129771,0.038461538461538464,0.024,0.0196078431372549,0.023166023166023165,0.023076923076923078,0.026615969581749048,0.030418250950570342,0.01893939393939394,0.019230769230769232,0.0196078431372549,0.015384615384615385,0.015209125475285171,0.015209125475285171,0.011538461538461539,0.003745318352059925,0.0036900369003690036,0.003703703703703704,0.0036496350364963502,0.0035842293906810036,0.003676470588235294,0.0,0.0,0.0,0.0037174721189591076,0.003703703703703704,0.0036900369003690036,0.007326007326007326,0.007407407407407408,0.0076045627376425855,0.019083969465648856,0.026717557251908396,0.033707865168539325,0.04868913857677903,0.04814814814814815,0.04814814814814815,0.05454545454545454,0.051094890510948905,0.05017921146953405,0.043010752688172046,0.04693140794223827,0.03636363636363636,0.03296703296703297,0.01845018450184502,0.018518518518518517,0.014598540145985401,0.007246376811594203,0.0036496350364963502,0.0036496350364963502,0.003676470588235294,0.0,0.0,0.0,0.0
8541,0.208443705609534,0.08949416342412451,0.10236220472440945,0.18253968253968253,0.204,0.210727969348659,0.25475285171102663,0.26136363636363635,0.2623574144486692,0.2679245283018868,0.2803030303030303,0.2737642585551331,0.29924242424242425,0.27340823970037453,0.25660377358490566,0.2623574144486692,0.25,0.2423076923076923,0.19924812030075187,0.16417910447761194,0.1412639405204461,0.11594202898550725,0.08727272727272728,0.07692307692307693,0.05514705882352941,0.054945054945054944,0.046762589928057555,0.021739130434782608,0.021505376344086023,0.02120141342756184,0.017985611510791366,0.01838235294117647,0.025547445255474453,0.029411764705882353,0.032490974729241874,0.036231884057971016,0.04395604395604396,0.04332129963898917,0.03676470588235294,0.03308823529411765,0.04779411764705882,0.055350553505535055,0.07168458781362007,0.08333333333333333,0.10989010989010989,0.13043478260869565,0.14909090909090908,0.1618705035971223,0.17543859649122806,0.19298245614035087,0.21232876712328766,0.24738675958188153,0.27986348122866894,0.3020833333333333,0.30927835051546393,0.35034013605442177,0.32989690721649484,0.3333333333333333,0.3161512027491409,0.2896551724137931,0.32068965517241377,0.36298932384341637,0.42704626334519574,0.5300353356890459,0.6632996632996633,0.7854785478547854,0.8637873754152824
7826,0.17351060090586498,0.0942622950819672,0.06639004149377593,0.07818930041152264,0.09166666666666666,0.1016260162601626,0.12601626016260162,0.16194331983805668,0.17670682730923695,0.19678714859437751,0.19838056680161945,0.17959183673469387,0.17886178861788618,0.16194331983805668,0.136,0.11244979919678715,0.0846774193548387,0.06882591093117409,0.06072874493927125,0.044715447154471545,0.039525691699604744,0.039525691699604744,0.031007751937984496,0.019157088122605363,0.011494252873563218,0.007692307692307693,0.003861003861003861,0.0,0.0,0.0,0.0,0.0,0.0,0.0,0.0,0.0,0.0,0.0,0.0,0.0,0.0,0.0,0.0,0.0,0.0,0.0,0.0,0.0,0.0,0.0,0.0,0.0,0.0,0.0,0.0,0.0,0.0,0.0,0.0,0.0,0.0,0.0,0.0,0.0,0.0,0.0,0.0
6589,0.0962898995843716,0.02032520325203252,0.020833333333333332,0.016736401673640166,0.012448132780082987,0.012345679012345678,0.012345679012345678,0.012345679012345678,0.00819672131147541,0.008097165991902834,0.004032258064516129,0.0,0.0,0.0,0.0,0.0,0.0,0.0,0.0,0.0,0.0,0.0,0.0,0.0,0.0,0.0,0.0,0.0,0.0,0.0,0.0,0.0,0.0,0.0,0.0,0.0,0.0,0.0,0.0,0.0,0.0,0.0,0.0,0.0,0.0,0.0,0.0,0.0,0.0,0.0,0.0,0.0,0.0,0.0,0.0,0.0,0.0,0.0,0.0,0.0,0.0,0.0,0.0,0.0,0.0,0.0,0.0
3869,0.118725464912131,0.008097165991902834,0.00796812749003984,0.01171875,0.0196078431372549,0.01937984496124031,0.019230769230769232,0.019083969465648856,0.018867924528301886,0.015267175572519083,0.0076045627376425855,0.0076045627376425855,0.0,0.0,0.0,0.0,0.0,0.0,0.0,0.0,0.0,0.0,0.0,0.0,0.0,0.0,0.0,0.0,0.0,0.0,0.0,0.0,0.0,0.0,0.0,0.0,0.0,0.0,0.0,0.0,0.0,0.0,0.0,0.0,0.0,0.0,0.0,0.0,0.0,0.0,0.0,0.0,0.0,0.0,0.0,0.0,0.0,0.0,0.0,0.0,0.0,0.0,0.0,0.0,0.0,0.0,0.0
869,0.209047733526677,0.15891472868217055,0.19305019305019305,0.21923076923076923,0.2364341085271318,0.26356589147286824,0.2702702702702703,0.2653846153846154,0.2801556420233463,0.29844961240310075,0.25680933852140075,0.22900763358778625,0.22140221402214022,0.22140221402214022,0.2066420664206642,0.16236162361623616,0.14444444444444443,0.11764705882352941,0.09642857142857143,0.07142857142857142,0.06159420289855073,0.05454545454545454,0.02491103202846975,0.010638297872340425,0.006993006993006993,0.0,0.0,0.0,0.0,0.0,0.0,0.0,0.0,0.0,0.0,0.0,0.0,0.0,0.0,0.0,0.0,0.0,0.0,0.0,0.0,0.0,0.0,0.0,0.0,0.0,0.0,0.0,0.0,0.0,0.0,0.0,0.0,0.0,0.0,0.0,0.0,0.0,0.0,0.0,0.0,0.0,0.0
4317,0.13803123970865303,0.04743083003952569,0.06274509803921569,0.078125,0.08333333333333333,0.09126984126984126,0.09055118110236221,0.10077519379844961,0.09578544061302682,0.09019607843137255,0.07661290322580645,0.072,0.05976095617529881,0.046875,0.02734375,0.015503875968992248,0.015384615384615385,0.007722007722007722,0.0038910505836575876,0.003875968992248062,0.0,0.0,0.0,0.0,0.0,0.0,0.0,0.0,0.0,0.0,0.0,0.0,0.0,0.0,0.0,0.0,0.0,0.0,0.0,0.0,0.0,0.0,0.0,0.0,0.0,0.0,0.0,0.0,0.0,0.0,0.0,0.0,0.0,0.0,0.0,0.0,0.0,0.0,0.0,0.0,0.0,0.0,0.0,0.0,0.0,0.0,0.0
5781,0.11547791241901,0.06611570247933884,0.08333333333333333,0.09387755102040816,0.10756972111553785,0.112,0.11155378486055777,0.092,0.08943089430894309,0.07171314741035857,0.06324110671936758,0.05905511811023622,0.042801556420233464,0.03571428571428571,0.03515625,0.03137254901960784,0.023529411764705882,0.031496062992125984,0.035856573705179286,0.031746031746031744,0.01937984496124031,0.019305019305019305,0.022988505747126436,0.027237354085603113,0.03435114503816794,0.046511627906976744,0.04669260700389105,0.06976744186046512,0.06923076923076923,0.07518796992481203,0.07692307692307693,0.08778625954198473,0.07518796992481203,0.07777777777777778,0.05755395683453238,0.0539568345323741,0.04332129963898917,0.025454545454545455,0.02158273381294964,0.014336917562724014,0.0,0.0,0.0,0.0,0.0,0.0,0.0,0.0,0.0,0.0,0.0,0.0,0.0,0.0,0.0,0.0,0.0,0.0,0.0,0.0,0.0,0.0,0.0,0.0,0.0,0.0,0.0
8197,0.19358976848307102,0.2248995983935743,0.248,0.32677165354330706,0.35177865612648224,0.373015873015873,0.38735177865612647,0.3705179282868526,0.3346774193548387,0.25609756097560976,0.18875502008032127,0.15725806451612903,0.10887096774193548,0.06827309236947791,0.039525691699604744,0.015503875968992248,0.01171875,0.00784313725490196,0.00390625,0.0038910505836575876,0.0,0.0,0.0,0.0,0.0,0.0,0.0,0.0,0.0,0.0,0.0,0.0,0.0,0.0,0.0,0.0,0.0,0.0,0.0,0.0,0.0,0.0,0.0,0.0,0.0,0.0,0.0,0.0,0.0,0.0,0.0,0.0,0.0,0.0,0.0,0.0,0.0,0.0,0.0,0.0,0.0,0.0,0.0,0.0,0.0,0.0,0.0
5403,0.21495957842562302,0.07630522088353414,0.104,0.116,0.13545816733067728,0.14227642276422764,0.16194331983805668,0.16,0.12903225806451613,0.11788617886178862,0.0963855421686747,0.06719367588932806,0.054901960784313725,0.05138339920948617,0.03557312252964427,0.0196078431372549,0.011904761904761904,0.008,0.0,0.0,0.0,0.0,0.0,0.0,0.0,0.0,0.0,0.0,0.0,0.0,0.0,0.0,0.0,0.0,0.0,0.0,0.0,0.0,0.0,0.0,0.0,0.0,0.0,0.0,0.0,0.0,0.0,0.0,0.0,0.0,0.0,0.0,0.0,0.0,0.0,0.0,0.0,0.0,0.0,0.0,0.0,0.0,0.0,0.0,0.0,0.0,0.0
238,0.19085198550019397,0.05,0.05019305019305019,0.057692307692307696,0.05725190839694656,0.057034220532319393,0.061068702290076333,0.06463878326996197,0.07335907335907337,0.078125,0.06153846153846154,0.06130268199233716,0.06060606060606061,0.046153846153846156,0.03816793893129771,0.027450980392156862,0.015444015444015444,0.019011406844106463,0.018867924528301886,0.011194029850746268,0.0037593984962406013,0.003676470588235294,0.003676470588235294,0.003676470588235294,0.0036363636363636364,0.0035842293906810036,0.0035842293906810036,0.0,0.0,0.0,0.0,0.0,0.0,0.0,0.0,0.0,0.0,0.0,0.0,0.0,0.0,0.0,0.0,0.0,0.0,0.0,0.0,0.0,0.0,0.0,0.0,0.0,0.0,0.0,0.0,0.0,0.0,0.0,0.0,0.0,0.0,0.0,0.0,0.0,0.0,0.0,0.0
8114,0.22004636562778598,0.148,0.20318725099601595,0.3170731707317073,0.3780487804878049,0.41434262948207173,0.46825396825396826,0.48616600790513836,0.4901185770750988,0.46875,0.421259842519685,0.40476190476190477,0.34901960784313724,0.3137254901960784,0.2862903225806452,0.3073770491803279,0.2674897119341564,0.2589641434262948,0.2834008097165992,0.27380952380952384,0.21653543307086615,0.234375,0.22924901185770752,0.2559055118110236,0.3076923076923077,0.2950191570881226,0.3041825095057034,0.32452830188679244,0.3,0.3159851301115242,0.3686131386861314,0.37362637362637363,0.3626373626373626,0.3236363636363636,0.32857142857142857,0.31386861313868614,0.29927007299270075,0.2903225806451613,0.27816901408450706,0.2689655172413793,0.22336769759450173,0.20689655172413793,0.17586206896551723,0.18493150684931506,0.1701388888888889,0.1795774647887324,0.16140350877192983,0.1519434628975265,0.13120567375886524,0.12014134275618374,0.11498257839721254,0.09507042253521127,0.09824561403508772,0.09507042253521127,0.10283687943262411,0.11151079136690648,0.10752688172043011,0.10469314079422383,0.09025270758122744,0.08633093525179857,0.0931899641577061,0.07608695652173914,0.07246376811594203,0.07473309608540925,0.11764705882352941,0.14285714285714285,0.23693379790940766
5382,0.199896581366193,0.01680672268907563,0.029288702928870293,0.03404255319148936,0.048034934497816595,0.06140350877192982,0.07659574468085106,0.08936170212765958,0.08733624454148471,0.09871244635193133,0.09361702127659574,0.08547008547008547,0.06437768240343347,0.05217391304347826,0.039473684210526314,0.038461538461538464,0.026200873362445413,0.022123893805309734,0.017391304347826087,0.01293103448275862,0.008583690987124463,0.00847457627118644,0.004201680672268907,0.0,0.0,0.0,0.0,0.0,0.0,0.0,0.0,0.0,0.0,0.0,0.0,0.0,0.0,0.0,0.0,0.0,0.0,0.0,0.0,0.0,0.0,0.0,0.0,0.0,0.0,0.0,0.0,0.0,0.0,0.0,0.0,0.0,0.0,0.0,0.0,0.0,0.0,0.0,0.0,0.0,0.0,0.0,0.0
