"Population","shapeRisk","v_to_h","aImp","aImp_2000","aImp_2001","aImp_2002","aImp_2003","aImp_2004","aImp_2005","aImp_2006","aImp_2007","aImp_2008","aImp_2009","aImp_2010","aImp_2011","aImp_2012","aImp_2013","aImp_2014","aImp_2015","aImp_2016","aImp_2017","aImp_2018","aImp_2019","aImp_2020"
999,0.0923797,32.4252,9.48262e-05,0.0027499598,0.0027499598,0.0027499598,0.00221905025458654,0.00216520989357786,0.00179167095038368,0.00149830011192178,0.00124837066800465,0.00104027856170207,0.00086447450792175,0.000712212145588338,0.000589123370578354,0.000589123370578354,0.000415456868358705,0.000303652432477109,0.000210639198126566,0.00014949181463721,0.000112516185923762,8.55385247554264e-05,8.53960894846412e-05,0
704,0.219839,24.8634,0.000238729,0.006923141,0.006923141,0.006923141,0.0055865535920156,0.00545100818849589,0.00451060797874579,0.00377203438943007,0.00314282636235643,0.00261894561583795,0.00217635141766359,0.00179302443105553,0.00148314319391476,0.00148314319391476,0.001045930372897,0.00076445794045135,0.000530293158742593,0.000376352014701913,0.000283264293511644,0.000215346881730347,0.000214988294865542,0
1179,0.22697,33.6976,8.43548e-05,0.0024462892,0.0024462892,0.0024462892,0.00197400655531485,0.00192611163930203,0.0015938215881837,0.00133284689549026,0.00111051648199969,0.000925403422436685,0.000769012933354259,0.000633564490601491,0.000524068075072743,0.000524068075072743,0.000369579093531375,0.000270120918175779,0.00018737888294719,0.000132983839122088,0.000100091328771603,7.60927375349749e-05,7.59660310047119e-05,0
1214,0.0721132,12.1341,6.20817e-05,0.0018003693,0.0018003693,0.0018003693,0.00145278849294989,0.00141753978383751,0.00117298782868484,0.000980921075170091,0.000817294938528219,0.000681059259825019,0.000565962224136849,0.000466277682315346,0.000385692776418692,0.000385692776418692,0.000271995172899311,0.000198798003266124,0.000137903232506776,9.78706938458242e-05,7.36631447813287e-05,5.60011582485532e-05,5.59079073985739e-05,0
846,0.781072,47.1311,0.000229842,0.006665418,0.006665418,0.006665418,0.00537858681055109,0.00524808726237815,0.00434269468330572,0.00363161546412621,0.00302583053075549,0.00252145193183663,0.00209533388293268,0.00172627674594484,0.0014279312441126,0.0014279312441126,0.00100699424354558,0.000735999991409587,0.000510552300691223,0.000362341817555124,0.000272719408824664,0.000207330311737017,0.000206985073738364,0
735,0.410195,40.8321,0.00018674,0.00541546,0.00541546,0.00541546,0.00436994675038639,0.00426391962903427,0.00352831425570831,0.00295058288637816,0.00245840008924948,0.00204860701591168,0.00170239838366725,0.00140255009762245,0.00116015297693888,0.00116015297693888,0.000818153797128901,0.000597978778447047,0.000414809028076152,0.000294392282569086,0.000221576658765229,0.000168449902166578,0.000168169406243864,0
654,0.313073,27.8342,0.000183807,0.005330403,0.005330403,0.005330403,0.00430131092614476,0.00419694910171309,0.00347289738887746,0.00290424005888674,0.00241978764702088,0.00201643091878375,0.00167565995344718,0.00138052118342985,0.00114193123183145,0.00114193123183145,0.000805303603881718,0.000588586726625342,0.000408293900736818,0.000289768460330813,0.000218096502718541,0.000165804172472594,0.000165528082111309,0
958,0.855653,94.1175,0.000178697,0.005182213,0.005182213,0.005182213,0.00418173061183355,0.00408027014003179,0.00337634771635594,0.00282349957184919,0.00235251537297105,0.00196037232474226,0.00162907509888715,0.00134214145225897,0.00111018451601182,0.00111018451601182,0.00078291543903579,0.000572223485981322,0.000396942962890244,0.000281712636383463,0.00021203322368732,0.000161194667277824,0.000160926252477026,0
719,0.768727,28.0917,8.62626e-05,0.0025016154,0.0025016154,0.0025016154,0.00201865143274007,0.00196967330722679,0.00162986805887578,0.00136299106401673,0.00113563234196686,0.000946332695570219,0.000786405220150662,0.000647893424285994,0.000535920596489708,0.000535920596489708,0.00037793763382356,0.000276230074829529,0.000191616714497815,0.000135991451827911,0.000102355032046704,7.78136796114095e-05,7.76841074384274e-05,0
551,0.263311,22.5027,0.000210692,0.006110068,0.006110068,0.006110068,0.00493045314733003,0.00481082657427701,0.00398086958960959,0.00332903614381914,0.0027737240634259,0.0023113693338142,0.00192075463345625,0.00158244663793654,0.00130895871809579,0.00130895871809579,0.000923093390942929,0.000674677866491193,0.000468014050248585,0.000332152183779832,0.000249996944353452,0.000190055942954271,0.000189739469531606,0
863,0.209768,18.3576,0.000123916,0.003593564,0.003593564,0.003593564,0.00289978752019321,0.00282943057058697,0.00234130121725582,0.00195793310993057,0.00163133289846545,0.00135940444995026,0.00112966904846584,0.000930697214828016,0.000769848539629209,0.000769848539629209,0.000542906425645416,0.000396803782317898,0.000275256910801566,0.000195351365999951,0.000147032736679619,0.000111779147889438,0.000111593017800764,0
823,0.395942,29.7758,0.000156656,0.004543024,0.004543024,0.004543024,0.00366594397626931,0.00357699792977398,0.0029598993147812,0.00247524104449211,0.00206234938621327,0.00171857438515937,0.00142814030840622,0.0011765978799033,0.000973251176798423,0.000973251176798423,0.00068634840549976,0.000501643801630077,0.000347982880487832,0.00024696539262152,0.00018588043833954,0.000141312455145161,0.000141077147394981,0
522,0.566315,21.0599,0.000200003,0.005800087,0.005800087,0.005800087,0.00468031733917495,0.00456675975991079,0.00377890883626662,0.00316014474148169,0.00263300521072167,0.00219410704189452,0.00182330932809576,0.00150216465232293,0.00124255154678541,0.00124255154678541,0.000876262257080281,0.000640449553527604,0.000444270376150341,0.00031530116574202,0.000237313893558006,0.000180413868389322,0.000180113450556879,0
341,0.229882,11.6928,0.000103866,0.003012114,0.003012114,0.003012114,0.00243059274486255,0.00237161977181789,0.00196247128886901,0.00164113335159341,0.0013673780854128,0.00113944851833931,0.000946885030084518,0.000780107467278856,0.000645284615522834,0.000645284615522834,0.000455062452032722,0.000332599677638326,0.000230719473654052,0.000163742898261329,0.000123242375705844,9.36929288766935e-05,9.35369152239754e-05,0
278,0.341319,25.8594,0.000186354,0.005404266,0.005404266,0.005404266,0.00436091387341494,0.00425510591490336,0.00352102107105209,0.00294448389851191,0.00245331846541715,0.00204437245283927,0.00169887944944804,0.00139965096333048,0.00115775488842491,0.00115775488842491,0.000816462636340148,0.000596742729349475,0.000413951599111617,0.000293783760447035,0.000221118649820796,0.000168101708623489,0.000167821792498495,0
390,0.187582,27.7949,9.96574e-05,0.0028900646,0.0028900646,0.0028900646,0.0023321063043909,0.00227552288764335,0.00188295290300324,0.00157463542326734,0.00131197258784605,0.00109327861640525,0.000908517707403239,0.000748497890643674,0.000619137995523128,0.000619137995523128,0.000436623541940633,0.000319122899835112,0.00022137083235834,0.000157108115352364,0.000118248654349523,8.98965367900583e-05,8.97468447349643e-05,0
956,0.437063,47.0364,7.71062e-05,0.0022360798,0.0022360798,0.0022360798,0.00180438035838408,0.00176060104798245,0.00145686464958496,0.00121831548759586,0.00101508990554615,0.000845883593714732,0.000702931724594216,0.000579122353739404,0.000479034954859403,0.000479034954859403,0.000337821196916464,0.000246909453179253,0.000171277433226119,0.000121556550381431,9.14904903399566e-05,6.9554095782567e-05,6.9438277132487e-05,0
1093,0.220963,32.9074,6.12765e-05,0.0017770185,0.0017770185,0.0017770185,0.0014339458179825,0.0013991542848266,0.00115777416991491,0.000968198523279164,0.000806694618554653,0.000672225917374488,0.000558621690889935,0.000460230058139457,0.000380690338927897,0.000380690338927897,0.00026846739396899,0.000196219592039791,0.00013611462680148,9.66013103932986e-05,7.27077333770352e-05,5.52748229094479e-05,5.518278152352e-05,0
1287,0.123074,16.6546,0.000241647,0.007007763,0.007007763,0.007007763,0.00565483839772208,0.00551763621397261,0.00456574143166513,0.00381814020962098,0.00318124133215631,0.00265095715740607,0.00220295310173525,0.00181494068458912,0.00150127174905403,0.00150127174905403,0.00105871484746068,0.000773801959277036,0.000536774966303513,0.000380952189707464,0.000286726651283288,0.000217979080587164,0.00021761611069193,0
1276,0.394445,39.5413,0.000106919,0.003100651,0.003100651,0.003100651,0.00250203671738547,0.0024413303138948,0.00202015546699195,0.00168937223748884,0.00140757030707114,0.0011729410599457,0.000974717429491908,0.000803037666743574,0.00066425188037554,0.00066425188037554,0.000468438394747912,0.000342375993428188,0.000237501159220703,0.00016855589836138,0.000126864917952873,9.64469052680107e-05,9.62863058058674e-05,0
665,0.209317,18.5448,0.000237154,0.006877466,0.006877466,0.006877466,0.00554969664582379,0.005415045494827,0.0044808495180371,0.0037471486228774,0.00312209175734107,0.00260166728205804,0.00216199307208002,0.00178119506185903,0.00147335824725803,0.00147335824725803,0.00103902991112942,0.000759414475869289,0.00052679458200906,0.000373869055266086,0.000281395474632158,0.000213926143827849,0.000213569922717989,0
775,0.512465,33.7857,0.000209438,0.006073702,0.006073702,0.006073702,0.00490110799779065,0.00478219342007968,0.00395717618660725,0.00330922233349721,0.0027572153683851,0.00229761248901419,0.00190932265544876,0.00157302820684294,0.00130116803675766,0.00130116803675766,0.000917599309002264,0.000670662308023952,0.000465228516773124,0.000330175275124259,0.00024850900855988,0.00018892476496714,0.000188610175136031,0
748,0.411339,30.7604,0.00015264,0.00442656,0.00442656,0.00442656,0.00357196461378912,0.00348529876928238,0.00288401996353924,0.00241178628990448,0.00200947943463126,0.00167451737661325,0.00139152880627059,0.00114643486612987,0.000948301115989884,0.000948301115989884,0.000668753323303821,0.000488783767495755,0.000339062065146963,0.000240634240180707,0.000181115246834768,0.000137689799007746,0.000137460523557156,0
444,0.214015,19.3791,0.000148139,0.004296031,0.004296031,0.004296031,0.00346663565200541,0.00338252538248639,0.00279897689582507,0.00234066829926729,0.00195022454118737,0.00162513973829999,0.00135049584533621,0.00111262915771496,0.000920337912877525,0.000920337912877525,0.000649033337008024,0.000474370666490131,0.000329063910304022,0.000233538493881877,0.000175774577770281,0.000133629645801942,0.00013340713115326,0
610,0.79933,22.7033,0.000118971,0.003450159,0.003450159,0.003450159,0.00278406840976877,0.0027165191291948,0.00224786909776092,0.00187979970319854,0.00156623282113152,0.00130515596706666,0.00108458840153838,0.000893556750906291,0.000739126913459333,0.000739126913459333,0.000521241166317996,0.000380968904630094,0.000264272490517553,0.000187555661612545,0.000141165238673868,0.000107318481903502,0.000107139779534319,0
1188,0.401045,22.6293,0.000205197,0.005950713,0.005950713,0.005950713,0.00480186335728305,0.00468535673192109,0.00387704562669261,0.00324221246940205,0.00270138333037231,0.00225108714707095,0.00187065996108691,0.00154117528318429,0.00127482012642673,0.00127482012642673,0.000899018446553814,0.000657081778949335,0.000455807904756036,0.000323489414192614,0.000243476842929467,0.000185099146272225,0.000184790926705698,0
836,0.671358,22.976,0.000220906,0.006406274,0.006406274,0.006406274,0.00516947336853838,0.00504404749690181,0.00417385556908804,0.00349042231497404,0.00290818962255406,0.00242342069967326,0.00201386964411694,0.0016591610360147,0.00137241487374778,0.00137241487374778,0.000967843433161385,0.000707385134580826,0.000490702598030366,0.000348254372781442,0.000262116383105878,0.000199269541008943,0.000198937725477707,0
663,0.242218,20.418,0.000177773,0.005155417,0.005155417,0.005155417,0.00416010787006769,0.00405917202641271,0.00335888941940684,0.00280889992213829,0.00234035107136204,0.00195023570225804,0.00162065153614479,0.00133520155566368,0.0011044440139732,0.0011044440139732,0.000778867168132142,0.000569264653426512,0.000394890464539905,0.000280255966847778,0.000210936849944688,0.000160361167708359,0.000160094140817128,0
653,0.173357,24.783,0.000116742,0.003385518,0.003385518,0.003385518,0.00273190705544398,0.0026656233551072,0.00220575379051033,0.001844580418344,0.00153688841822407,0.00128070301087909,0.00106426792388392,0.000876815376976761,0.000725278884190848,0.000725278884190848,0.000511475369949782,0.000373831201421576,0.000259321171445144,0.000184041682830032,0.000138520415002519,0.000105307799500539,0.000105132445237877,0
529,0.276491,21.1637,0.000121845,0.003533505,0.003533505,0.003533505,0.00285132356110544,0.00278214248259441,0.00230217120320649,0.00192521030197465,0.00160406853847383,0.00133668481232601,0.00111078896357468,0.000915142533173437,0.00075698211135867,0.00075698211135867,0.000533832866076743,0.000390172026667455,0.000270656560061791,0.000192086471402111,0.000144575388172054,0.00010991099030463,0.000109727970995949,0
764,0.926935,41.4103,0.000241145,0.006993205,0.006993205,0.006993205,0.00564309097741206,0.00550617381891116,0.00455625651275988,0.00381020836529753,0.00317463258820856,0.00264545003133781,0.0021983766639683,0.00181117030786744,0.00149815299145297,0.00149815299145297,0.00105651546218619,0.000772194455010245,0.000535659864385904,0.000380160795652362,0.000286131002345192,0.000217526248569987,0.000217164032712202,0
830,0.0950049,13.7871,7.6653e-06,0.0002222937,0.0002222937,0.0002222937,0.000179377491837511,0.000175025292558833,0.000144830177060517,0.000121115470702337,0.000100912360523316,8.40911821734379e-05,6.98800167630106e-05,5.75718499695051e-05,4.7621937528808e-05,4.7621937528808e-05,3.35835616425628e-05,2.45458216259513e-05,1.70270731654286e-05,1.20842088656786e-05,9.09527451233324e-06,6.91452840889722e-06,6.90301461754895e-06,0
1111,0.10636,19.6908,2.96171e-05,0.0008588959,0.0008588959,0.0008588959,0.000693076737179334,0.000676260758514892,0.000559593210574803,0.000467964594645767,0.000389904044571655,0.000324910564694001,0.000270001623481372,0.000222445466939563,0.000184001107064885,0.000184001107064885,0.000129759788074041,9.48398697608656e-05,6.5789013952202e-05,4.66908304170337e-05,3.51422194511924e-05,2.67162771632095e-05,2.66717903055861e-05,0
1351,0.209856,29.6817,2.01373e-05,0.0005839817,0.0005839817,0.0005839817,0.000471237703205291,0.000459804159503865,0.000380479397351799,0.000318179140826084,0.000265104102587788,0.000220913644969038,0.000183579880965099,0.000151245432584624,0.000125106289721063,0.000125106289721063,8.82264563506685e-05,6.44836567164064e-05,4.47313582578874e-05,3.17460946330644e-05,2.38939469345242e-05,1.81649684850542e-05,1.81347209186814e-05,0
1228,0.650947,54.7734,8.9812e-05,0.002604548,0.002604548,0.002604548,0.00210171177865322,0.00205071837700989,0.00169693134804367,0.00141907331151009,0.0011823595845329,0.000985270929169218,0.000818763005429599,0.000674551940493026,0.000557971828022035,0.000557971828022035,0.000393488426838068,0.000287595962567667,0.000199501062598133,0.000141587017682846,0.00010656657854248,8.10154365073614e-05,8.08805328990784e-05,0
1063,0.406708,35.9784,0.00010785,0.00312765,0.00312765,0.00312765,0.00252382326780107,0.00246258826170797,0.00203774602376642,0.00170408249060664,0.00141982676248022,0.0011831544750245,0.00098320480710353,0.000810030138313064,0.000670035871065966,0.000670035871065966,0.000472517334370526,0.00034535724138114,0.000239569206800969,0.000170023603272335,0.000127969597557191,9.72867192281536e-05,9.71247213419767e-05,0
580,0.430885,48.4222,3.14325e-05,0.0009115425,0.0009115425,0.0009115425,0.000735559340427977,0.000717712615077754,0.00059389385157198,0.000496648798201143,0.000413803474377928,0.000344826175579115,0.000286551554003539,0.000236080410964537,0.000195279578277988,0.000195279578277988,0.000137713501275861,0.000100653143159135,6.9821595667793e-05,4.95527761692877e-05,3.72962853520299e-05,2.83538692826976e-05,2.83066555733118e-05,0
1045,0.167421,20.8755,0.000170393,0.004941397,0.004941397,0.004941397,0.00398740675076893,0.00389066111893561,0.00321944977494327,0.00269229233029149,0.00224319463643294,0.00186927436683217,0.00155337243112463,0.00127977251142863,0.00105859454963879,0.00105859454963879,0.000746533575849764,0.000545632419384854,0.000378497133559922,0.000268621528348475,0.000202180098623667,0.000153703995822371,0.000153448054182878,0
795,0.714817,74.6652,5.64701e-05,0.0016376329,0.0016376329,0.0016376329,0.00132147011882293,0.00128940756047729,0.00106696079496238,0.000892255064003765,0.000743419186462071,0.000619497927863522,0.000514804578373825,0.000424130578707024,0.000350829788063813,0.000350829788063813,0.000247409375277117,0.000180828539235207,0.000125438081270018,8.90241064362457e-05,6.70046914326783e-05,5.09391818589314e-05,5.08543600060599e-05,0
705,0.991612,12.7512,0.000232075,0.006730175,0.006730175,0.006730175,0.00543084176981859,0.00529907437029093,0.00438488556759937,0.00366689795092755,0.00305522759297726,0.00254594876950682,0.00211569082622672,0.00174304816271678,0.00144180412403926,0.00144180412403926,0.00101677756489606,0.000743150503417043,0.000515512505037876,0.000365862102266363,0.000275368978702691,0.000209344602363224,0.000208996010249784,0
686,0.0663126,14.4199,6.59102e-05,0.0019113958,0.0019113958,0.0019113958,0.00154238012374059,0.00150495767127329,0.00124532450603291,0.00104141323850145,0.000867696484751265,0.000723059323873524,0.000600864399417293,0.000495032437851105,0.000409477962625239,0.000409477962625239,0.00028876877155149,0.000211057624950201,0.000146407550617462,0.00010390625587761,7.82058578480668e-05,5.94546789213857e-05,5.93556774093088e-05,0
481,0.0364583,5.64197,0.000120094,0.003482726,0.003482726,0.003482726,0.00281034799743442,0.00274216110061712,0.00226908735260273,0.00189754364976276,0.00158101692362819,0.00131747569331101,0.00109482612984971,0.000901991278911164,0.000746103735742199,0.000746103735742199,0.00052616130508942,0.000384564974932097,0.000266767031261526,0.000189326051102344,0.000142497736198733,0.000108331490579378,0.000108151101389368,0
972,0.364825,18.0796,0.000160601,0.004657429,0.004657429,0.004657429,0.00375826185101642,0.00366707591486844,0.00303443717350868,0.00253757396452403,0.00211428463496603,0.00176185249738905,0.00146410454543935,0.00120622763322407,0.000997760138424341,0.000997760138424341,0.000703632419260462,0.00051427647958324,0.000356745982210871,0.000253184614827448,0.000190561384675777,0.000144871065319988,0.000144629831916948,0
504,0.344712,23.1459,0.000145051,0.004206479,0.004206479,0.004206479,0.00339437263623378,0.00331201566943906,0.00274063141857527,0.00229187639633736,0.00190957155052868,0.00159126323372071,0.00132234437158251,0.00108943608337921,0.00090115320476578,0.00090115320476578,0.000635504050697999,0.000464482273709557,0.000322204478587737,0.000228670316905475,0.000172110506214819,0.000130844097457236,0.000130626221190311,0
430,0.0437985,15.5386,1.49814e-05,0.0004344606,0.0004344606,0.0004344606,0.000350583272176495,0.000342077142178505,0.00028306247826105,0.000236713411448997,0.000197227562906084,0.000164351510914529,0.000136576583190921,0.000112520959797157,9.30744125988657e-05,9.30744125988657e-05,6.56371923332276e-05,4.79734351045657e-05,3.32784618893653e-05,2.36179101535852e-05,1.77762051816718e-05,1.3514058928555e-05,1.34915558675261e-05,0
446,0.636389,35.2067,9.72821e-05,0.0028211809,0.0028211809,0.0028211809,0.00227652134928652,0.00222128657889941,0.00183807336540239,0.00153710452720857,0.00128070217051717,0.00106722069499101,0.000886863498981236,0.000730657699753225,0.000604381053431863,0.000604381053431863,0.000426216769346008,0.000311516714805417,0.00021609453438046,0.000153363497226701,0.000115430238168924,8.77538836219301e-05,8.76077594257052e-05,0
614,0.135379,16.7396,0.0001871,0.0054259,0.0054259,0.0054259,0.00437837119523024,0.00427213967330145,0.00353511618958458,0.00295627106159019,0.00246313942753871,0.00205255634934709,0.00170568029122921,0.0014052539534388,0.00116238953617471,0.00116238953617471,0.00081973104553292,0.000599131570351519,0.000415608702758103,0.000294959816154418,0.000222003817366254,0.000168774642258577,0.000168493605591876,0
943,0.45132,37.0534,0.000160922,0.004666738,0.004666738,0.004666738,0.00376577364766884,0.00367440545434001,0.00304050223121502,0.00254264592075477,0.00211851054494059,0.00176537398636896,0.00146703091301543,0.00120863857132698,0.000999754403742952,0.000999754403742952,0.000705038799087379,0.00051530438569806,0.000357459025468944,0.000253690665607703,0.000190942267761691,0.000145160625235354,0.000144918909668925,0
844,0.295433,38.3059,9.86666e-05,0.0028613314,0.0028613314,0.0028613314,0.00230892036008179,0.00225289949914358,0.00186423246943488,0.00155898030104487,0.00129892887568782,0.00108240917316135,0.000899485168479937,0.000741056278580248,0.000612982487492974,0.000612982487492974,0.000432282603833129,0.000315950160338029,0.000219169949928127,0.000155546136806956,0.000117073018955368,8.90027798924111e-05,8.88545760849353e-05,0
1574,0.485344,28.697,0.000248508,0.007206732,0.007206732,0.007206732,0.00581539427570431,0.00567429655763119,0.00469537495479041,0.00392654734887042,0.00327156522105178,0.00272622487046257,0.00226550079002025,0.00186647167002228,0.00154389684049013,0.00154389684049013,0.00108877457329393,0.000795772251656414,0.00055201543295035,0.00039176843395458,0.000294867582287831,0.000224168085507186,0.000223794809932795,0
1100,0.534068,30.867,0.000152306,0.004416874,0.004416874,0.004416874,0.00356414860107288,0.00347767239487894,0.00287770928044292,0.00240650892734664,0.00200508238188514,0.00167085327281485,0.00138848392536588,0.00114392628878915,0.000946226086032202,0.000946226086032202,0.000667289987284537,0.000487714232784385,0.000338320144747598,0.000240107695132094,0.00018071893857715,0.000137388512366835,0.000137159738606501,0
1489,0.275833,26.2218,0.000126498,0.003668442,0.003668442,0.003668442,0.0029602095107121,0.00288838655474766,0.0023900861985573,0.00199872996659025,0.00166532448586206,0.00138772994697866,0.001153207618813,0.000950089869599684,0.000785889639481711,0.000785889639481711,0.000554218801698682,0.000405071862032744,0.000280992355325999,0.000199421842992526,0.000150096413090307,0.000114108255993723,0.000113918247569007,0
1365,0.188705,29.5073,0.000154235,0.004472815,0.004472815,0.004472815,0.00360928958469447,0.00352171813207722,0.00291415630946327,0.00243698806619115,0.00203047733621824,0.00169201511780624,0.00140606948005204,0.00115841444953839,0.000958210315937499,0.000958210315937499,0.000675741409982736,0.000493891276072509,0.000342605068251715,0.000243148729260164,0.000183007796747644,0.000139128578026465,0.000138896906779599,0
1119,0.385697,32.9324,0.000123901,0.003593129,0.003593129,0.003593129,0.00289943650165805,0.0028290880687425,0.0023410178033443,0.00195769610263007,0.00163113542603674,0.00135923989439045,0.00112953230231743,0.000930584554169002,0.00076975534966105,0.00076975534966105,0.000542840706961915,0.000396755749321879,0.000275223591023152,0.000195327718767229,0.000147014938404577,0.000111765617052271,0.000111579509494597,0
1148,0.505956,52.3326,0.000122306,0.003546874,0.003546874,0.003546874,0.0028621115307527,0.00279266870594766,0.00231088145742027,0.0019324943263434,0.00161013752444975,0.00134174215319746,0.00111499162853597,0.000918604970760478,0.000759846149713435,0.000759846149713435,0.000535852620283,0.000391648240745125,0.000271680587918399,0.000192813229687772,0.0001451223884917,0.000110326838033552,0.000110143126272154,0
913,0.391725,33.287,0.000154007,0.004466203,0.004466203,0.004466203,0.00360395410296004,0.00351651210404135,0.0029098484180083,0.00243338555522352,0.00202747575530173,0.00168951387329715,0.00140399093859614,0.00115670200752137,0.000956793828421476,0.000956793828421476,0.000674742485993524,0.000493161174533011,0.000342098607619814,0.000242789291322787,0.000182737262966995,0.000138922909301532,0.000138691580525858,0
1337,0.175443,31.9201,0.000169958,0.004928782,0.004928782,0.004928782,0.00397722721324928,0.00388072856544611,0.00321123077150944,0.00268541911857694,0.00223746793600013,0.00186450225559771,0.0015494067928206,0.00127650535231721,0.00105589204056216,0.00105589204056216,0.000744627734028242,0.000544239462500285,0.000377530859985899,0.000267935758599532,0.000201663948647428,0.000153311601544539,0.00015305631330403,0
703,0.947993,25.4911,0.000111436,0.003231644,0.003231644,0.003231644,0.00260774009894001,0.00254446903599155,0.00210550084287839,0.00176074303591323,0.00146703583777233,0.00122249422418943,0.0010158962529846,0.00083696354652809,0.000692314486120602,0.000692314486120602,0.000488228480972776,0.000356840329629566,0.00024753485516062,0.000175676868375113,0.000132224571844072,0.000100521491366792,0.000100354107069676,0
772,0.757643,37.3085,0.00012315,0.00357135,0.00357135,0.00357135,0.00288186217366437,0.00281194014306292,0.00232682821350797,0.00194582993711829,0.00162124863977227,0.00135100114602936,0.00112268587848678,0.000924944010507684,0.000765089638588537,0.000765089638588537,0.00053955039154131,0.000394350897321163,0.000273555380783861,0.000194143780648939,0.000146123838100771,0.000111088173138128,0.000110903193632494,0
1049,0.0437436,10.8941,0.000179171,0.005195959,0.005195959,0.005195959,0.00419282279754461,0.00409109319831691,0.0033853035959597,0.00283098900254504,0.00235875550171853,0.00196557228043221,0.00163339627717707,0.00134570152908382,0.00111312931900566,0.00111312931900566,0.000784992149434414,0.000573741328655542,0.000397995867888146,0.000282459888937484,0.00021259564917867,0.00016162224173229,0.000161353114951908,0
546,0.0744066,9.47391,0.000219241,0.006357989,0.006357989,0.006357989,0.00513051031113561,0.00500602979216613,0.00414239662491028,0.00346411450461836,0.0028862701829664,0.0024051550325345,0.00199869082164288,0.00164665570286411,0.00136207078728209,0.00136207078728209,0.0009605486592928,0.000702053472022647,0.000487004102626345,0.000345629529949282,0.000260140774576136,0.000197767618083446,0.000197438303493151,0
394,0.267174,20.1132,0.000156259,0.004531511,0.004531511,0.004531511,0.00365665368570541,0.00356793304762379,0.00295239829325653,0.00246896825127217,0.00205712294926655,0.00171421914800976,0.00142452109367817,0.00117361612779472,0.000970784748974471,0.000970784748974471,0.000684609051009773,0.000500372528335424,0.000347101017019125,0.000246339529195474,0.000185409377326743,0.000140954338988151,0.000140719627558423,0
613,0.27079,23.3952,0.000157249,0.004560221,0.004560221,0.004560221,0.00367982090902597,0.00359053816935852,0.00297110361141628,0.00248461073310527,0.00207015612956191,0.00172507981495714,0.00143354633947356,0.00118105173128967,0.000976935286872991,0.000976935286872991,0.000688946484120824,0.00050354270607272,0.000349300122394489,0.000247900246555136,0.000186584063479562,0.000141847374241149,0.000141611175765457,0
402,0.734394,45.4733,0.00010433,0.00302557,0.00302557,0.00302557,0.00244145091821684,0.00238221449554003,0.0019712382258651,0.00164846477742226,0.00137348656587447,0.00114453877032272,0.000951115044275487,0.000783592436997699,0.00064816729187123,0.00064816729187123,0.000457095349975679,0.0003340854983152,0.000231750165466343,0.000164474385993535,0.000123792935680499,9.41114827730483e-05,9.39547721614133e-05,0
579,0.357933,33.7039,6.88699e-05,0.0019972271,0.0019972271,0.0019972271,0.00161164076097481,0.00157253785187762,0.00130124584962625,0.00108817793898776,0.000906660427902982,0.00075552832989791,0.000627846237781543,0.000517261888016753,0.000427865585875994,0.000427865585875994,0.000301735944055305,0.000220535175504821,0.000152981987162374,0.000108572170190129,8.17176948243303e-05,6.21244935055263e-05,6.2021046326841e-05,0
976,0.225029,26.806,0.000135646,0.003933734,0.003933734,0.003933734,0.00317428401468841,0.0030972670129591,0.00256293089605767,0.00214327281892284,0.00178575633772269,0.00148808689772066,0.00123660453652634,0.00101879785017723,0.000842723094729847,0.000842723094729847,0.000594298436143017,0.000434365585205249,0.000301312977521783,0.00021384350198868,0.00016095098776303,0.000122360262553752,0.000122156513223493,0
1048,0.742743,52.3384,0.000114487,0.003320123,0.003320123,0.003320123,0.00267913726899158,0.00261413391115587,0.0021631472324798,0.00180895032083526,0.00150720172977351,0.00125596482505452,0.0010437104195722,0.000859878724571606,0.000711269325644221,0.000711269325644221,0.000501595661196833,0.000366610241019959,0.000254312098090149,0.000180486715510801,0.000135844740987762,0.000103273663646487,0.000103101696544079,0
1197,0.627404,41.7258,0.000203093,0.005889697,0.005889697,0.005889697,0.00475262715741793,0.00463731513987071,0.00383729210203796,0.00320896824538502,0.00267368453103751,0.00222800548721511,0.00185147903466924,0.00152537274807988,0.00126174868022624,0.00126174868022624,0.000889800305881439,0.000650344350707648,0.000451134250503748,0.000320172495682785,0.000240980338216807,0.00018320122084565,0.000182896161627316,0
1621,0.222511,34.3724,1.30483e-05,0.0003784007,0.0003784007,0.0003784007,0.00030534634348863,0.000297937787809403,0.000246537982771547,0.000206169490609018,0.000171778632775806,0.000143144687403451,0.000118953651224191,9.80020051344492e-05,8.10647107689387e-05,8.10647107689387e-05,5.71678065282052e-05,4.17832627975292e-05,2.89844309791478e-05,2.05704124485713e-05,1.54824821493324e-05,1.17702948400994e-05,1.17506954240752e-05,0
1962,0.143985,21.2535,1.47158e-05,0.0004267582,0.0004267582,0.0004267582,0.000344367903980594,0.000336012576185833,0.000278044162601223,0.000232516802181448,0.000193730984434923,0.00016143778046885,0.000134155264722987,0.000110526115061543,9.14243288959902e-05,9.14243288959902e-05,6.44735335107074e-05,4.71229308550448e-05,3.26884796795708e-05,2.31991964861848e-05,1.74610570582487e-05,1.32744729051244e-05,1.32523687929927e-05,0
2054,0.0662846,11.0705,0.000158501,0.004596529,0.004596529,0.004596529,0.003709119256094,0.00361912565664325,0.00299475922589709,0.00250439294245381,0.00208663849494555,0.00173881471901583,0.00144496008466126,0.00119045514096207,0.000984713542882027,0.000984713542882027,0.000694431803570354,0.000507551860140492,0.000352081213232827,0.000249874002246346,0.000188069626169795,0.000142976748116658,0.000142738669053543,0
1524,0.364023,34.3837,0.000159977,0.004639333,0.004639333,0.004639333,0.00374365947995376,0.00365282783813867,0.00302264715478981,0.00252771446082317,0.00210606978193137,0.00175500698610101,0.00145841590566529,0.00120154094980908,0.000993883435748911,0.000993883435748911,0.00070089852202683,0.000512278306948824,0.000355359879428824,0.000252200889946207,0.000189820976433999,0.000144308182493856,0.000144067886380393,0
1380,0.304271,37.5856,0.000114907,0.003332303,0.003332303,0.003332303,0.00268896578797606,0.00262372396280091,0.00217108282200212,0.0018155865252493,0.00151273095777761,0.00126057238072916,0.00104753931172782,0.000863033223024007,0.000713878644752684,0.000713878644752684,0.000503435784334854,0.000367955164908509,0.000255245051885758,0.000181148838027021,0.000136343092688959,0.000103652527087153,0.00010347992911676,0
1293,0.359403,35.6259,0.000188715,0.005472735,0.005472735,0.005472735,0.00441616419084914,0.00430901570522225,0.00356563042072397,0.00298178884761087,0.00248440062569731,0.00207027349795316,0.00172040329320855,0.00141738375105934,0.0011724229894132,0.0011724229894132,0.000826806757123169,0.000604303122922965,0.000419196132234075,0.000297505834877504,0.000223920098312521,0.000170231462393519,0.000169947999889208,0
1117,0.136774,16.3655,0.000237074,0.006875146,0.006875146,0.006875146,0.00554782454696961,0.00541321881832318,0.00447933797717571,0.00374588458394139,0.00312103857105458,0.00260078965240573,0.00216126375928848,0.00178059420501095,0.00147286123409451,0.00147286123409451,0.00103867941148408,0.000759158299890518,0.000526616876524182,0.000373742936691568,0.000281300550498596,0.00021385397936296,0.000213497878418431,0
399,0.311799,20.2436,0.000112706,0.003268474,0.003268474,0.003268474,0.00263745966825024,0.00257346752548965,0.00212949655405302,0.00178080965402236,0.00148375517007043,0.0012364265949199,0.0010274740935504,0.000846502148991304,0.00070020457009143,0.00070020457009143,0.000493792662842508,0.000360907123292561,0.000250355929733056,0.000177679000745589,0.000133731492464356,0.000101667102246901,0.000101497810325163,0
444,0.709617,34.029,5.56854e-05,0.0016148766,0.0016148766,0.0016148766,0.00130310716918693,0.00127149014732047,0.00105213446853818,0.00087985642209019,0.000733088745474419,0.000610889478011397,0.000507650931529744,0.000418236924098454,0.000345954710196168,0.000345954710196168,0.000243971411880913,0.000178315773103434,0.000123695012595222,8.77870408684404e-05,6.60736043376099e-05,5.02313386639538e-05,5.01476954827678e-05,0
1189,0.649921,38.7478,0.000120851,0.003504679,0.003504679,0.003504679,0.00282806273284217,0.00275944602703449,0.00228339030800367,0.00190950461819474,0.00159098269886414,0.00132578026389602,0.00110172725213972,0.000907676886836088,0.000750806722801975,0.000750806722801975,0.000529477907983426,0.000386989040131221,0.000268448569412183,0.000190519448113723,0.000143395955812556,0.000109014346828387,0.000108832820573938,0
720,0.936057,40.8743,0.000132362,0.003838498,0.003838498,0.003838498,0.00309743435672402,0.00302228194247742,0.00250088214369746,0.00209138402059969,0.0017425230406621,0.00145206020049321,0.00120666624643336,0.000994132676563687,0.000822320704367486,0.000822320704367486,0.000579910425701915,0.000423849561276685,0.000294018167367547,0.000208666334504709,0.000157054352080343,0.000119397911270068,0.000119199094726627,0
374,0.0372741,20.6151,4.47485e-05,0.0012977065,0.0012977065,0.0012977065,0.00104717019470743,0.00102176291913805,0.000845489827950966,0.00070704807909978,0.000589106331764916,0.000490907631206617,0.000407945668156442,0.000336093033326862,0.000278007419345344,0.000278007419345344,0.000196054167242276,0.000143293634825628,9.94006736257133e-05,7.05452128978405e-05,5.30964073832914e-05,4.0365644463431e-05,4.02984292347839e-05,0
625,0.631021,28.7878,0.000204069,0.005918001,0.005918001,0.005918001,0.00477546676343901,0.00465960059321728,0.00385573290054696,0.00322438952040433,0.00268653340373274,0.00223871256897333,0.0018603766507261,0.00153270320162641,0.00126781224082115,0.00126781224082115,0.000894076401554556,0.000653469697648659,0.000453302257419258,0.000321711142291907,0.000242138412646254,0.000184081627317293,0.000183775102081927,0
399,0.144173,16.1795,0.000147196,0.004268684,0.004268684,0.004268684,0.00344456828676168,0.00336099343319765,0.00278115960792139,0.00232576844030909,0.00193781010783531,0.00161479467877335,0.00134189907080585,0.00110554655761826,0.000914479370212572,0.000914479370212572,0.000644901822438609,0.000471350992140364,0.000326969206901024,0.000232051871184744,0.000174655659545928,0.000132779007172066,0.000132557908972217,0
385,0.262666,22.9725,8.59018e-05,0.0024911522,0.0024911522,0.0024911522,0.00201020826690769,0.00196143499619458,0.0016230510095909,0.00135729024841533,0.00113088247181478,0.000942374585838288,0.000783116019460788,0.000645183559901169,0.000533679067122247,0.000533679067122247,0.000376356880423088,0.00027507472116527,0.000190815262761015,0.000135422657056833,0.000101926924204343,7.74882178747612e-05,7.73591876474197e-05,0
591,0.98862,43.8608,0.000116376,0.003374904,0.003374904,0.003374904,0.00272334220318607,0.00265726631010224,0.00219883849106946,0.00183879744021176,0.00153207009096336,0.00127668785521976,0.00106093131786259,0.000874066456896811,0.000723005048967759,0.000723005048967759,0.000509871834072363,0.000372659196318697,0.000258508168851828,0.000183464690351611,0.000138086137091476,0.000104977647073673,0.000104802842567398,0
689,0.121415,17.13,6.46268e-05,0.0018741772,0.0018741772,0.0018741772,0.00151234697787229,0.00147565321346081,0.001221075611764,0.00102113489387054,0.000850800743750179,0.000708979950176293,0.00058916439895891,0.000485393191865839,0.000401504628949522,0.000401504628949522,0.000283145880991165,0.000206947921810762,0.000143556710376309,0.000101882998645902,7.66830374354112e-05,5.82969804934078e-05,5.81999067336454e-05,0
1049,0.720888,25.1647,0.00020112,0.00583248,0.00583248,0.00583248,0.00470645651942654,0.00459226473059533,0.00380001372554384,0.00317779388512571,0.00264771032424685,0.00220636094591495,0.00183349235794772,0.00151055411606419,0.00124949109308101,0.00124949109308101,0.000881156108378305,0.0006440264106312,0.000446751588982948,0.000317062096338731,0.000238639271772855,0.000181421464730331,0.000181119369089461,0
1810,0.343689,20.3335,0.000248585,0.007208965,0.007208965,0.007208965,0.00581719617085146,0.00567605473376612,0.0046968298128695,0.00392776398634633,0.00327257891285254,0.00272706958900292,0.00226620275358211,0.00186704999473855,0.00154437521566002,0.00154437521566002,0.00108911192920257,0.000796018821035982,0.000552186474479545,0.000391889823082554,0.000294958946766383,0.000224237543804641,0.00022386415257112,0
2382,0.473006,38.3247,0.000131523,0.003814167,0.003814167,0.003814167,0.00307780071999073,0.00300312467264365,0.00248502985891359,0.0020781274122583,0.00173147774948249,0.00144285605951457,0.00119901757853201,0.000987831190369486,0.000817108278815104,0.000817108278815104,0.000576234560671439,0.00042116291569932,0.00029215448109489,0.000207343665954449,0.00015605883522962,0.000118641086444547,0.00011844353013501,0
2077,0.6665,55.3646,0.00021197,0.00614713,0.00614713,0.00614713,0.00496035992652567,0.00484000773142548,0.00400501645487036,0.00334922916582188,0.00279054871435264,0.0023253894675099,0.00193240540530121,0.00159204532608456,0.00131689850338296,0.00131689850338296,0.000928692622777194,0.000678770277752065,0.000470852895369508,0.00033416692800776,0.000251513357387092,0.000191208770280869,0.00019089037721705,0
2213,0.370802,36.9945,8.16796e-05,0.0023687084,0.0023687084,0.0023687084,0.00191140356963083,0.00186502757701439,0.00154327566177869,0.00129057743347014,0.00107529793257932,0.000896055486863337,0.000744624713604946,0.000613471837601814,0.000507447954884744,0.000507447954884744,0.000357858385391292,0.000261554393445665,0.000181436411532874,0.0001287664339902,9.69170657453164e-05,7.36795578290949e-05,7.35568696274837e-05,0
1625,0.220269,30.0433,2.39e-07,6.931e-06,6.931e-06,6.931e-06,5.59289532688416e-06,5.45719605515257e-06,4.51572832341377e-06,3.7763163213258e-06,3.14639403090193e-06,2.62191858628516e-06,2.17882196474496e-06,1.79505983362839e-06,1.48482682600617e-06,1.48482682600617e-06,1.04711769044558e-06,7.65325736579438e-07,5.30895136072616e-07,3.76779241373094e-07,2.83585849014082e-07,2.15591338855157e-07,2.15232344930296e-07,0
1729,0.86271,69.9704,5.52271e-05,0.0016015859,0.0016015859,0.0016015859,0.001292382382876,0.00126102557429923,0.00104347522882847,0.000872615059035531,0.000727055304535665,0.000605861757140708,0.000503472880875173,0.000414794765430036,0.000343107446035672,0.000343107446035672,0.000241963487037686,0.000176848204965047,0.000122676982298728,8.70645390846694e-05,6.55298077074712e-05,4.98179264857224e-05,4.97349717016734e-05,0
1240,0.123597,20.7411,2.43312e-05,0.0007056048,0.0007056048,0.0007056048,0.000569380145512485,0.000555565391870829,0.000459720037584289,0.000384444801997666,0.000320316077174397,0.000266922282454483,0.000221813192420931,0.000182744601773971,0.000151161583551972,0.000151161583551972,0.000106600962132927,7.79133621835215e-05,5.40473461707533e-05,3.83577032539624e-05,2.88702259813031e-05,2.19481003512661e-05,2.19115532676486e-05,0
1398,0.244616,36.8667,0.000172003,0.004988087,0.004988087,0.004988087,0.00402508274020944,0.00392742298357493,0.00324986953477882,0.00271773111387867,0.00226439001044864,0.00188693666358497,0.00156804985105451,0.00129186475549617,0.00106859693955456,0.00106859693955456,0.00075358738121218,0.000550787960957628,0.000382073456443089,0.000271159664660654,0.000204090446811587,0.000155156305678258,0.000154897945711488,0
439,0.772831,12.6238,0.000160135,0.004643915,0.004643915,0.004643915,0.00374735687519078,0.00365643552423371,0.00302563244799106,0.00253021093772178,0.0021081498248472,0.00175674030466433,0.00145985629842859,0.00120272764208403,0.000994865036746856,0.000994865036746856,0.000701590758826372,0.000512784254506897,0.000355710847761458,0.00025244997413088,0.000190008451597783,0.000144450707312011,0.000144210173872021,0
429,0.961485,46.8238,0.000101824,0.002952896,0.002952896,0.002952896,0.00238280742160943,0.00232499385405797,0.00192388920838194,0.00160886875775179,0.00134049550545003,0.00111704702146402,0.000928269321080295,0.000764770596231705,0.00063259835452407,0.00063259835452407,0.000446115948585484,0.000326060785780187,0.000226183541152544,0.000160523721646753,0.000120819437196694,9.1850930910408e-05,9.16979844777509e-05,0
740,0.730824,64.9151,4.38747e-05,0.0012723663,0.0012723663,0.0012723663,0.00102672219497257,0.00100181104502511,0.000828980022892393,0.000693241613821226,0.000577602904550681,0.000481321721329229,0.000399979749190777,0.000329530174403747,0.000272578793066833,0.000272578793066833,0.000192225834866078,0.000140495552697497,9.74596854671348e-05,6.91676827676656e-05,5.20595985344693e-05,3.95774280956835e-05,3.95115253728588e-05,0
642,0.924128,21.642,6.29929e-05,0.0018267941,0.0018267941,0.0018267941,0.00147411169889909,0.00143834562921598,0.00119020427909611,0.000995318478651229,0.00082929073033139,0.000691055461564864,0.000574269096832563,0.000473121441814937,0.000391353756351148,0.000391353756351148,0.000275987363859704,0.00020171584766433,0.000139927297979534,9.93071844095864e-05,7.47443306625907e-05,5.68231115036361e-05,5.67284919705424e-05,0
541,0.210491,19.0558,4.94572e-05,0.0014342588,0.0014342588,0.0014342588,0.00115735959314132,0.00112927881480708,0.000934457233626524,0.000781447830824578,0.000651095560105117,0.000542563815504697,0.000450872107425876,0.000371458716333582,0.000307260992883483,0.000307260992883483,0.000216684138242281,0.000158371832716136,0.000109860196333768,7.7968394545763e-05,5.86835232295367e-05,4.4613154661202e-05,4.45388666514085e-05,0
497,0.827966,26.2293,6.88589e-05,0.0019969081,0.0019969081,0.0019969081,0.00161138334738236,0.00157228668385835,0.00130103801275781,0.00108800413363406,0.000906515614788589,0.000755407655820717,0.000627745957272705,0.000517179270200143,0.000427797246566011,0.000427797246566011,0.000301687750354072,0.00022049995130774,0.000152957552658204,0.000108554828886133,8.17046427559656e-05,6.21145708916041e-05,6.20111402356517e-05,0
346,0.0259546,23.4415,0.00023105,0.00670045,0.00670045,0.00670045,0.00540685550324931,0.00527567007758578,0.00436551895031276,0.00365070245205994,0.00304173364368155,0.00253470413958656,0.00210634650608503,0.0017353496843508,0.0014354361428817,0.0014354361428817,0.00101228678819017,0.000739868248689035,0.000513235653512879,0.000364246208030348,0.000274152763241438,0.000208419995156837,0.000208072942661694,0
497,0.342932,26.7008,0.000112108,0.003251132,0.003251132,0.003251132,0.00262346572931519,0.00255981311862362,0.0021181977861141,0.0017713609629757,0.00147588260257888,0.00122986631326886,0.00102202248043359,0.000842010744051933,0.000696489396694143,0.000696489396694143,0.000491172677993611,0.000358992207851246,0.000249027581233594,0.000176736264401066,0.000133021934565986,0.000101127672871858,0.000100959279185965,0
1205,0.0483591,10.159,3.72265e-05,0.0010795685,0.0010795685,0.0010795685,0.000871146099942482,0.000850009660866683,0.000703367198458421,0.000588196818141568,0.000490080491177283,0.000408388503147885,0.000339372032931289,0.000279597468186474,0.000231275756645685,0.000231275756645685,0.000163098438089424,0.00011920668842165,8.26919154100722e-05,5.86869139287676e-05,4.41711657251997e-05,3.35803806522657e-05,3.35244639688187e-05,0
1107,0.0707855,12.6419,0.000245578,0.007121762,0.007121762,0.007121762,0.0057468286551697,0.0056073945306789,0.00464001477074186,0.00388025192283911,0.00323299227330893,0.0026940816844466,0.00223878970902986,0.00184446528796148,0.00152569373337634,0.00152569373337634,0.00107593752378345,0.000786389806433913,0.000545506969566699,0.000387149341162852,0.000291390985896152,0.000221525061980635,0.000221156187461474,0
909,0.526474,35.911,0.000156696,0.004544184,0.004544184,0.004544184,0.0036668800256964,0.00357791126802589,0.0029606550852119,0.00247587306396011,0.00206287597935652,0.00171901319998552,0.00142850496480199,0.00117689830832734,0.000973499683380182,0.000973499683380182,0.000686523655322429,0.000501771889619463,0.000348071733230271,0.000247028451908779,0.000185927900406321,0.000141348537377605,0.00014111316954476,0
1326,0.783661,34.9291,0.000245897,0.007131013,0.007131013,0.007131013,0.00575429364935077,0.00561467840323787,0.00464604203992667,0.00388529227809644,0.00323719185362632,0.0026975812326852,0.00224169784378615,0.00184686120464318,0.00152767557336586,0.00152767557336586,0.00107733514111923,0.000787411308149264,0.000546215570187649,0.000387652238978743,0.000291769495878727,0.000221812817784379,0.000221443464105962,0
1764,0.121121,33.4969,0.000208326,0.006041454,0.006041454,0.006041454,0.00487508582371745,0.00475680261667663,0.00393616576863387,0.00329165219228669,0.00274257607900283,0.00228541343684704,0.00189918520764627,0.00156467629665468,0.00129425955378478,0.00129425955378478,0.000912727363932074,0.00066710146191903,0.000462758410533322,0.000328422226938456,0.000247189563103379,0.000187921678905186,0.000187608759372171,0
1010,0.333934,30.7446,0.000225569,0.006541501,0.006541501,0.006541501,0.00527859333050181,0.00515051990361803,0.00426195950704653,0.00356409998445665,0.00296957721822811,0.00247457553803246,0.00205637946345421,0.00169418347954696,0.00140138452851626,0.00140138452851626,0.000988273181238991,0.000722316991943462,0.000501060606480184,0.000355605509193671,0.000267649273540826,0.000203475827256146,0.000203137007588209,0
1215,0.529742,40.4083,0.000157429,0.004565441,0.004565441,0.004565441,0.00368403313144789,0.00359464819149211,0.00297450457835442,0.00248745482071129,0.00207252579870653,0.00172705448167484,0.00143518729325453,0.00118240365919784,0.000978053566490903,0.000978053566490903,0.000689735108322833,0.000504119102024956,0.000349699959735464,0.000248184013347802,0.000186797642780075,0.000142009744287149,0.000141773275439463,0
1399,0.211451,26.5183,0.000224021,0.006496609,0.006496609,0.006496609,0.00524236821767329,0.00511517371326918,0.00423271119137856,0.00353964083104488,0.00294919806358444,0.0024575934042602,0.00204226726093778,0.00168255689953668,0.00139176732380221,0.00139176732380221,0.000981491013101712,0.000717359986754236,0.000497622005347798,0.000353165114776744,0.000265812491556417,0.000202079444860549,0.000201742950391757,0
1678,0.14892,27.0467,0.000157229,0.004559641,0.004559641,0.004559641,0.00367935288431243,0.00359008150023257,0.00297072572620093,0.00248429472337127,0.00206989283299029,0.00172486040754406,0.00143336401127567,0.00118090151707765,0.000976811033582111,0.000976811033582111,0.000688858859209489,0.000503478662078027,0.000349255696023269,0.000247868716911507,0.000186560332446172,0.000141829333124927,0.000141593164690567,0
1266,0.180922,24.4484,9.4436e-05,0.002738644,0.002738644,0.002738644,0.00220991909242524,0.00215630027893049,0.00178429840983223,0.00149213476201139,0.00124323375189228,0.00103599792307291,0.000860917284780983,0.000709281466311845,0.000586699188873301,0.000586699188873301,0.000413747306338572,0.000302402934140652,0.000209772439624074,0.000148876671289998,0.000112053193462317,8.51865425779315e-05,8.50446934135457e-05,0
918,0.712397,50.6106,0.000244294,0.007084526,0.007084526,0.007084526,0.00571678146856,0.00557807637279264,0.0046157545399165,0.00385996409791617,0.00321608863341069,0.00267999572852698,0.00222708423872554,0.00183482153554985,0.00151771667210189,0.00151771667210189,0.00107031200447578,0.000782278181974633,0.000542654796534409,0.000385125138041835,0.000289867453552495,0.000220366822319171,0.000219999876453564,0
980,0.727028,70.0399,2.66823e-05,0.0007737867,0.0007737867,0.0007737867,0.000624398790713478,0.000609249130972374,0.000504142334074574,0.00042159332627829,0.000351267905651609,0.000292714720898898,0.000243246783723491,0.000200403033467878,0.000165768179161274,0.000165768179161274,0.000116901708584837,8.54420539796383e-05,5.92698882394576e-05,4.20641705108339e-05,3.16599276114998e-05,2.40689237687655e-05,2.40288451762914e-05,0
486,0.33338,26.5891,0.000195054,0.005656566,0.005656566,0.005656566,0.0045645046238078,0.00445375698469343,0.00368540113972865,0.00308194813280285,0.00256785247407341,0.00213981467752831,0.00177819221552872,0.0014649941455588,0.00121180506995736,0.00121180506995736,0.000854579472770594,0.000624601867040861,0.000433277070592084,0.000307499155425889,0.000231441649345577,0.000175949594180142,0.000175656610075456,0
422,0.461134,28.6742,0.000192571,0.005584559,0.005584559,0.005584559,0.00450639935562096,0.00439706151270622,0.00363848669024315,0.00304271552432648,0.00253516420470634,0.00211257524719464,0.00175555616976109,0.00144634505113662,0.00119637902389471,0.00119637902389471,0.000843700840028434,0.000616650805099745,0.000427761536605188,0.00030358475016928,0.000228495441550171,0.000173709789601157,0.000173420535127916,0
475,0.0724571,5.71752,0.000166493,0.004828297,0.004828297,0.004828297,0.0038961419316273,0.00380161063937455,0.00314576215795033,0.00263067043216107,0.00219185180496634,0.00182648992128191,0.00151781843253675,0.0012504807400849,0.00103436515791735,0.00103436515791735,0.000729446718139564,0.000533143840419751,0.000369833991172126,0.000262473247840713,0.000197552547112559,0.000150185978159045,0.000149935894579413,0
556,0.861594,30.9711,0.00019547,0.00566863,0.00566863,0.00566863,0.00457423953784957,0.00446325570251328,0.0036932611522079,0.0030885211352701,0.00257332904276318,0.00214437835172034,0.00178198464204476,0.00146811860116879,0.00121438953840764,0.00121438953840764,0.000856402070926349,0.000625933982130472,0.000434201139113449,0.000308154972013383,0.000231935254840095,0.000176324849397563,0.000176031240433159,0
814,0.321339,19.914,0.0002133,0.0061857,0.0061857,0.0061857,0.00499148356997653,0.00487037622830144,0.00403014582169103,0.00337024381313302,0.00280805793636561,0.0023399800604796,0.00194453023046067,0.00160203457118383,0.00132516134722643,0.00132516134722643,0.000934519679380929,0.000683029203399139,0.000473807249055603,0.000336263649309125,0.000253091471107547,0.000192408504509644,0.000192088113697206,0
666,0.369764,24.563,0.000196089,0.005686581,0.005686581,0.005686581,0.00458872490273384,0.00447738961196156,0.00370495669962294,0.00309830163653747,0.00258147807165493,0.00215116901115511,0.00178762769976935,0.00147276773103079,0.00121823517776035,0.00121823517776035,0.000859114061932147,0.000627916143766216,0.000435576135302692,0.000309130814483718,0.000232669730323525,0.00017688322194464,0.000176588683200991,0
751,0.0216937,5.30699,0.000198463,0.005755427,0.005755427,0.005755427,0.00464427943623185,0.00453159623721232,0.0037498116746848,0.00313581199196352,0.00261273137470665,0.0021772126710875,0.00180927005685849,0.00149059815799745,0.00123298404338771,0.00123298404338771,0.000869515138907535,0.000635518165936256,0.000440849545566442,0.000312873383182545,0.000235486603986953,0.000179024702440214,0.000178726597790382,0
546,0.0744066,9.47391,0.000219241,0.006357989,0.006357989,0.006357989,0.00513051031113561,0.00500602979216613,0.00414239662491028,0.00346411450461836,0.0028862701829664,0.0024051550325345,0.00199869082164288,0.00164665570286411,0.00136207078728209,0.00136207078728209,0.0009605486592928,0.000702053472022647,0.000487004102626345,0.000345629529949282,0.000260140774576136,0.000197767618083446,0.000197438303493151,0
447,0.467317,31.8597,0.000142343,0.004127947,0.004127947,0.004127947,0.00333100209001955,0.00325018266978486,0.00268946576041709,0.00224908867835346,0.00187392119473085,0.00156155546998991,0.00129765713358867,0.00106909707907183,0.00088432930918074,0.00088432930918074,0.000623639637703327,0.000455810716828146,0.000316189147924621,0.000224401203158035,0.000168897324293772,0.000128401330320752,0.000128187521650264,0
1107,0.323033,26.4426,0.000121246,0.003516134,0.003516134,0.003516134,0.00283730622093472,0.00276846524227209,0.0022908535410068,0.00191574581044129,0.0015961828061537,0.00133011356030431,0.00110532823404798,0.000910643617523465,0.000753260725296839,0.000753260725296839,0.000531208499982279,0.000388253909026404,0.000269325990243768,0.000191142158575406,0.000143864643722014,0.000109370658873776,0.000109188539303007,0
1176,0.858421,46.3084,0.000169273,0.004908917,0.004908917,0.004908917,0.0039611973668103,0.00386508764788218,0.00319828820288376,0.00267459578518737,0.00222845002842202,0.00185698755169978,0.00154316205204298,0.00127136051555556,0.00105163636534955,0.00105163636534955,0.00074162658081504,0.000542045955682056,0.000376009256771632,0.00026685586830522,0.000200851160753811,0.000152693693313929,0.000152439433989063,0
1210,0.395002,22.2487,0.000223686,0.006486894,0.006486894,0.006486894,0.00523452880372138,0.00510752450540945,0.00422638161402147,0.00353434766800034,0.00294478784600974,0.00245391833009114,0.00203921326362318,0.00168004081148536,0.00138968608117999,0.00138968608117999,0.000980023295836861,0.000716287249843131,0.000496877863629871,0.000352636993245949,0.00026541499674713,0.000201777256163827,0.000201441264887356,0
740,0.120333,15.8124,4.0369e-05,0.001170701,0.001170701,0.001170701,0.000944684483058522,0.000921763797282235,0.000762742412920043,0.000637849847596657,0.00053145096499364,0.000442862892927806,0.000368020351024222,0.000303199876249977,0.000250799054975076,0.000250799054975076,0.000176866502282835,0.000129269601087763,8.96724089879308e-05,6.36410091840603e-05,4.78999043466506e-05,3.64150910386771e-05,3.63544541108415e-05,0
2495,0.751632,35.915,0.00018457,0.00535253,0.00535253,0.00535253,0.00431916606896657,0.00421437102886824,0.00348731370984301,0.00291629583023892,0.00242983241122832,0.00202480131159269,0.00168261577419656,0.00138625185561838,0.00114667149487849,0.00114667149487849,0.000808646494249124,0.000591030005022874,0.00040998876679884,0.00029097131623528,0.000219001841642381,0.00016649244105647,0.000166215204618346,0
1185,0.355879,30.5704,0.000235795,0.006838055,0.006838055,0.006838055,0.00551789436653829,0.00538401482771841,0.00445517221765418,0.00372567576145195,0.00310420075529925,0.00258675854833937,0.00214960387103363,0.00177098800615233,0.00146491523614279,0.00146491523614279,0.00103307579840425,0.000755062686429911,0.000523775810084697,0.000371726615981459,0.000279782950913287,0.000212700249980551,0.000212346070179243,0
937,0.0967218,12.282,7.037e-07,2.04073e-05,2.04073e-05,2.04073e-05,1.64674495461439e-05,1.60679031966982e-05,1.32958913020346e-05,1.1118802490866e-05,9.26408987257609e-06,7.71984982915845e-06,6.41521764264028e-06,5.28528704989247e-06,4.37185203958387e-06,4.37185203958387e-06,3.08308250529939e-06,2.25338795326758e-06,1.5631418713569e-06,1.10937051110563e-06,8.34976409837697e-07,6.34776674277716e-07,6.33719669989327e-07,0
1376,0.490033,39.0094,0.000177674,0.005152546,0.005152546,0.005152546,0.00415779114773563,0.00405691151423924,0.00335701888759087,0.00280733567395498,0.00233904775333251,0.00194914963556331,0.00161974901156525,0.00133445799531419,0.00110382896018335,0.00110382896018335,0.000778433424821037,0.000568947635652783,0.000394670554002369,0.000280099895111812,0.000210819381329406,0.000160271864183059,0.000160004985996424,0
1381,0.950532,52.896,0.000107665,0.003122285,0.003122285,0.003122285,0.00251949403920077,0.00245836407229289,0.00203425058552445,0.00170115940056712,0.0014173912691927,0.00118112495645352,0.000981518271273079,0.000808640656851886,0.000668886528125333,0.000668886528125333,0.000471706803940683,0.000344764834430231,0.000239158262867189,0.000169731954068762,0.000127750085498331,9.71198389030983e-05,9.69581188992482e-05,0
832,0.297503,29.0751,0.00020899,0.00606071,0.00606071,0.00606071,0.0048906242442072,0.00477196403165831,0.00394871155778344,0.00330214371545556,0.00275131752518073,0.00229269776296124,0.0019052385038161,0.00156966340849371,0.00129838476304197,0.00129838476304197,0.000915636510988375,0.000669227722542832,0.000464233366057808,0.000329469011106957,0.000247977433411937,0.000188520643963763,0.000188206727058504,0
869,0.411189,46.1126,5.66078e-05,0.0016416262,0.0016416262,0.0016416262,0.0013246924689757,0.00129255172740948,0.00106956253467005,0.00089443079102237,0.000745231983357699,0.000621008547902566,0.000516059908016274,0.000425164803556775,0.000351685271971516,0.000351685271971516,0.000248012672791654,0.000181269482138667,0.000125743956835864,8.92411880326352e-05,6.71680795975706e-05,5.10633949441212e-05,5.09783662566745e-05,0
1109,0.103907,15.7418,0.000199384,0.005782136,0.005782136,0.005782136,0.00466583197429068,0.00455262585046251,0.00376721328885159,0.00315036424021432,0.00262485618182992,0.00218731638245975,0.00181766627037117,0.00149751552246093,0.0012387059074327,0.0012387059074327,0.000873550266074483,0.000638467391891861,0.000442895379961098,0.000314325323271686,0.000236579418074576,0.000179855495842245,0.000179556007789047,0
509,0.841277,34.3656,0.000143654,0.004165966,0.004165966,0.004165966,0.00336168110999254,0.00328011733099116,0.00271423613628318,0.00226980311641731,0.00189118028500078,0.00157593762591719,0.00130960874696013,0.00107894362066968,0.00089247411239787,0.00089247411239787,0.000629383450641294,0.000460008800680262,0.000319101296558057,0.000226467971297951,0.000170452893532506,0.000129583925489116,0.000129368147609275,0
707,0.354321,24.815,0.000139816,0.004054664,0.004054664,0.004054664,0.00327186716746291,0.00319248252572055,0.00264171996345782,0.00220916084846229,0.00184065367290621,0.00153383334334747,0.00127461996578569,0.00105011751338321,0.000868629905878155,0.000868629905878155,0.00061256823015623,0.000447718758098706,0.000310575875921041,0.000220417432685441,0.000165898908224908,0.000126121835286078,0.000125911822337968,0
778,0.361707,40.1664,5.37557e-05,0.0015589153,0.0015589153,0.0015589153,0.00125794980470036,0.00122742842670278,0.00101567421353529,0.000849366222904992,0.000707684575761317,0.000589719953760541,0.000490058995356655,0.00040374350585179,0.000333966131425691,0.000333966131425691,0.000235516922310818,0.000172136488275495,0.000119408534168112,8.47449032028435e-05,6.37839155809469e-05,4.84906415652559e-05,4.84098969220482e-05,0
991,0.413065,35.8751,0.000153142,0.004441118,0.004441118,0.004441118,0.00358371203409914,0.00349676116434383,0.00289350488244448,0.00241971813422793,0.00201608817857901,0.00168002450268152,0.00139610524403754,0.00115020524285155,0.000951419873590952,0.000951419873590952,0.000670952708578313,0.000490391271762545,0.000340177167064572,0.000241425634235809,0.000181710895772864,0.000138142631024922,0.000137912601536884,0
755,0.105166,9.28372,0.000236217,0.006850293,0.006850293,0.006850293,0.00552776968799413,0.00539365054627604,0.00446314559569803,0.0037323435668394,0.00310975631296051,0.00259138804475532,0.00215345099600904,0.00177415752602593,0.00146753698058034,0.00146753698058034,0.0010349246840334,0.00075641401471793,0.000524713206517428,0.000372391891462042,0.000280283675717822,0.00021308091753284,0.000212726103859413,0
686,0.271053,26.2234,9.03264e-05,0.0026194656,0.0026194656,0.0026194656,0.00211374937428565,0.00206246390692943,0.00170665055578243,0.00142720108186863,0.00118913157235506,0.000990914087833591,0.000823452486679242,0.000678415450026158,0.000561167622663448,0.000561167622663448,0.000395742139557588,0.000289243174111167,0.000200643708865898,0.000142397960116998,0.000107176940721279,8.14794540165961e-05,8.1343777745238e-05,0
556,0.711346,38.6242,0.000205023,0.005945667,0.005945667,0.005945667,0.00479779154227519,0.00468138371052529,0.00387375802531908,0.00323946318471623,0.00269909265019919,0.00224917830257717,0.00186907370576529,0.00153986841953972,0.00127373912279608,0.00127373912279608,0.000898256109825205,0.000656524596195507,0.000455421395326427,0.000323215106293037,0.000243270382938971,0.000184942188561092,0.000184634230354159,0
384,0.736329,23.4754,0.000173907,0.005043303,0.005043303,0.005043303,0.0040696386929391,0.00397089788436576,0.00328584420727999,0.00274781524055567,0.0022894558440672,0.00190782424931002,0.00158540749549331,0.00130616514848039,0.00108042585284626,0.00108042585284626,0.000761929272771211,0.000556884949252387,0.000386302846983182,0.000274161286734187,0.000206349641190343,0.00015687381994261,0.000156612600040975,0
612,0.0386923,22.6837,7.99564e-05,0.0023187356,0.0023187356,0.0023187356,0.00187107856031164,0.00182568096512218,0.00151071707162427,0.00126335003478851,0.00105261229996823,0.000877151344152514,0.000728915316075036,0.000600529381094248,0.000496742291342594,0.000496742291342594,0.000350308623030723,0.00025603636286293,0.000177608635388605,0.000126049839895078,9.48723999084082e-05,7.21251352553912e-05,7.20050354149988e-05,0
920,0.152613,15.2301,0.000186956,0.005421724,0.005421724,0.005421724,0.0043750014172927,0.00426885165559458,0.00353239541603407,0.00295399579150538,0.00246124369222302,0.00205097661597292,0.00170436752820443,0.00140417241111226,0.00116149491248038,0.00116149491248038,0.000819100146171313,0.00059867045358973,0.000415288832885322,0.000294732802720285,0.000221832953925844,0.000168644746221777,0.000168363925852671,0
1048,0.227484,17.6406,0.000177389,0.005144281,0.005144281,0.005144281,0.00415112179556759,0.00405040397919439,0.00335163402327215,0.00280283253524545,0.00233529577718687,0.00194602307992694,0.00161715083474537,0.00133231744279292,0.00110205835078832,0.00110205835078832,0.000777184769834522,0.00056803500872841,0.000394037478212491,0.000279650597690091,0.000210481214103594,0.000160014778276893,0.000159748328179248,0
870,0.22875,38.544,0.000222369,0.006448701,0.006448701,0.006448701,0.00520370937633433,0.00507745284346536,0.00420149787259078,0.0035135384270163,0.00292744976676833,0.00243947035193994,0.00202720695179235,0.0016701492056239,0.00138150400197559,0.00138150400197559,0.000974253195425494,0.000712069952792607,0.00049395238708507,0.000350560766212943,0.000263852308198378,0.000200589248660596,0.000200255235605879,0
9229,0.253324,24.1521,0.000134937,0.003913173,0.003913173,0.003913173,0.00315769253859317,0.00308107809244403,0.00254953486517357,0.00213207027385246,0.00177642247425863,0.00148030890492703,0.00123014100191126,0.00101347275636115,0.00083831831556818,0.00083831831556818,0.000591192133036214,0.000432095225593388,0.000299738062662053,0.000212725776122013,0.000160109722629344,0.000121720704983675,0.000121518020618658,0
1502,0.182282,34.3521,5.24918e-05,0.0015222622,0.0015222622,0.0015222622,0.00122837298292777,0.00119856922128811,0.000991793757351342,0.000829395987764726,0.000691045548917564,0.000575854502291061,0.000478536764891211,0.000394250718723242,0.000326113944708581,0.000326113944708581,0.000229979466039043,0.000168089228030881,0.000116601009638898,8.27523873736743e-05,6.22842329258469e-05,4.73505332255947e-05,4.72716870444021e-05,0
909,0.128768,23.1333,0.000226192,0.006559568,0.006559568,0.006559568,0.0052931723003288,0.00516474514689151,0.00427373063150463,0.00357394368767081,0.00297777890643418,0.00248141007894985,0.00206205898681837,0.00169886265225135,0.00140525501852715,0.00140525501852715,0.000991002697227056,0.000724311962378144,0.000502444487943671,0.000356587657592731,0.000268388495230934,0.000204037808026467,0.000203698052571019,0
1100,0.232064,41.1217,0.000118356,0.003432324,0.003432324,0.003432324,0.0027696766498272,0.00270247655357171,0.00223624912738895,0.00187008240387797,0.0015581364515541,0.00129840918911451,0.00107898180945336,0.000888937663886703,0.000735306124764798,0.000735306124764798,0.000518546700294464,0.000378999551793289,0.000262906379602555,0.000186586125070937,0.000140435509397116,0.000106763717579669,0.000106585938981465,0
1552,0.701604,77.0295,0.000179395,0.005202455,0.005202455,0.005202455,0.00419806467433634,0.0040962078925276,0.0033895359103716,0.00283452831156586,0.00236170442332072,0.00196802964345869,0.0016354383529934,0.00134738392825843,0.0011145209558635,0.0011145209558635,0.000785973548441359,0.000574458621396102,0.000398493443245803,0.000282813020946134,0.000212861436752641,0.000161824302233979,0.000161554838990671,0
918,0.119168,13.3318,9.83814e-05,0.0028530606,0.0028530606,0.0028530606,0.00230224632766662,0.00224638739740748,0.00185884382626401,0.001554474002238,0.00129517426657646,0.00107928042345086,0.000896885168378073,0.000738914223916855,0.000611210635565037,0.000611210635565037,0.000431033072597501,0.000315036892973709,0.000218536429874538,0.000155096524088799,0.000116734614419222,8.87455135750827e-05,8.85977381570101e-05,0
801,0.401526,28.5237,0.000170274,0.004937946,0.004937946,0.004937946,0.00398462200372332,0.00388794393763619,0.00321720135791195,0.00269041207237418,0.00224162802183178,0.00186796889272435,0.00155228757834721,0.00127887873686712,0.00105785524255806,0.00105785524255806,0.000746012207627324,0.000545251357616432,0.000378232796651166,0.000268433926968879,0.000202038898974995,0.000153596651180849,0.000153340888287285,0
942,0.193972,33.7318,7.25983e-05,0.0021053507,0.0021053507,0.0021053507,0.0016988899280742,0.001657670110338,0.0013716912114715,0.00114708847360045,0.000955744174785052,0.000796430259843959,0.000661835860431564,0.000545264821421356,0.00045102888436169,0.00045102888436169,0.000318070980026256,0.00023247425699546,0.000161263951285107,0.000114449926355549,8.614163406895e-05,6.54877183916668e-05,6.53786709077536e-05,0
496,0.546132,19.4673,0.000198919,0.005768651,0.005768651,0.005768651,0.00465495039970071,0.00454200829328408,0.00375842745759474,0.00314301701389877,0.00261873453653967,0.00218221516010568,0.0018134271397703,0.00149402304203149,0.00123581701841976,0.00123581701841976,0.000871512986885959,0.000636978369015253,0.000441862466830246,0.000313592259057299,0.000236027671548252,0.00017943603989008,0.000179137250297864,0
720,0.402383,29.7611,0.000160161,0.004644669,0.004644669,0.004644669,0.00374796530731839,0.00365702919409745,0.00302612369877101,0.00253062175037599,0.00210849211039031,0.00175702553430133,0.00146009332508585,0.00120292292055965,0.000995026566024999,0.000995026566024999,0.000701704671211106,0.000512867511699998,0.000355768602044043,0.000252490962667598,0.00019003930194119,0.0001444741607631,0.000144233588269377,0
723,0.315186,20.4357,0.000182082,0.005280378,0.005280378,0.005280378,0.00426094379460135,0.00415756138959954,0.00344030478905366,0.00287698421932905,0.00239707831771835,0.00199750702940575,0.00165993414637946,0.0013675652076432,0.00113121438549312,0.00113121438549312,0.000797745955279129,0.000583062932083085,0.000404462126219139,0.000287049028567764,0.000216049701088628,0.00016424812619843,0.000163974626902084,0
866,0.56266,6.02707,0.000201022,0.005829638,0.005829638,0.005829638,0.00470416319833016,0.00459002705187816,0.00379816208798863,0.0031762454374291,0.00264642017104589,0.00220528584959086,0.00183259894977808,0.0015098180664253,0.0012488822519557,0.0012488822519557,0.000880726746312767,0.000643712595057204,0.000446533899763973,0.000316907601084946,0.000238522989709242,0.000181333063260843,0.000181031114822502,0
1273,0.130621,17.5933,7.05188e-05,0.0020450452,0.0020450452,0.0020450452,0.00165022705848318,0.00161018793796692,0.00133240059620565,0.00111423136150757,0.000928367913750489,0.000773617374069147,0.000642878286056304,0.000529646298726669,0.000438109648442528,0.000438109648442528,0.000308960179870267,0.000225815282647272,0.000156644719337563,0.000111171631659167,8.36741998721936e-05,6.36118933324647e-05,6.35059693961111e-05,0
425,0.754643,29.4721,0.000144975,0.004204275,0.004204275,0.004204275,0.00339259414232231,0.00331028032676043,0.00273919545475695,0.00229067555934815,0.00190857102355651,0.00159042948555101,0.00132165152443054,0.00108886526937354,0.000900681042260439,0.000900681042260439,0.000635171076034928,0.000464238906529724,0.000322035658377103,0.000228550504259683,0.000172020328287935,0.000130775541215592,0.000130557779105731,0
425,0.646792,22.3587,0.000214751,0.006227779,0.006227779,0.006227779,0.00502543876294435,0.00490350757338941,0.00405756139406456,0.00339317031933488,0.0028271601026369,0.00235589806829843,0.00195775814121734,0.00161293261226582,0.00133417592347971,0.00133417592347971,0.000940876866698237,0.000687675595214105,0.000477030382287575,0.000338551124954449,0.000254813157580013,0.000193717387491564,0.000193394817180444,0
1085,0.0720865,13.543,7.09133e-05,0.0020564857,0.0020564857,0.0020564857,0.00165945884595789,0.00161919573647636,0.0013398543820784,0.00112046465351076,0.000933561438625765,0.000777945185292115,0.000646474709759617,0.000532609274058746,0.00044056054460512,0.00044056054460512,0.000310688581246337,0.000227078550442589,0.000157521029509867,0.00011179355387976,8.41422945058172e-05,6.39677543499474e-05,6.38612378483078e-05,0
895,0.743625,56.5169,8.80867e-05,0.0025545143,0.0025545143,0.0025545143,0.00206133762673911,0.00201132381485945,0.00166433307994164,0.0013918127318064,0.00115964630578179,0.000966343748680022,0.000803034463438911,0.000661593711493197,0.000547253117884343,0.000547253117884343,0.00038592946386181,0.00028207120736549,0.000195668621684886,0.000138867112975143,0.000104519420947066,7.94591196164543e-05,7.93268075237301e-05,0
851,0.407312,24.8315,0.000190273,0.005517917,0.005517917,0.005517917,0.00445262331603444,0.00434459023013408,0.00359506767899961,0.00300640600588964,0.00250491142862679,0.00208736533543195,0.00173460665982392,0.00142908543817563,0.00118210232077269,0.00118210232077269,0.000833632737716116,0.000609292150109538,0.000422656946552071,0.000299961994116245,0.000225768745813625,0.000171636865347227,0.000171351062623105,0
666,0.252316,26.9745,0.000115065,0.003336885,0.003336885,0.003336885,0.00269266318321308,0.00262733164889594,0.00217406811520337,0.00181808300214792,0.00151481100069343,0.00126230569929248,0.00104897970449112,0.000864219915298958,0.000714860245750629,0.000714860245750629,0.000504128021134396,0.000368461112466582,0.000255596020218392,0.000181397922211695,0.000136530567852742,0.000103795051905308,0.000103622216608387,0
939,0.645514,31.9556,0.000223913,0.006493477,0.006493477,0.006493477,0.00523984088422014,0.00511270769998903,0.00423067061121568,0.00353793437848127,0.00294777626209767,0.00245640860422958,0.0020412826886692,0.00168174574279178,0.00139109635603147,0.00139109635603147,0.000981017838580507,0.000717014149182895,0.000497382102943213,0.000352994854701144,0.00026568434397611,0.000201982022832949,0.000201645690587353,0
889,0.0939342,19.3954,1.20542e-05,0.0003495718,0.0003495718,0.0003495718,0.000282083175101787,0.00027523904890385,0.000227755198142654,0.000190462226780441,0.000158691476683255,0.000132239041936396,0.000109891028148237,9.05356077260392e-05,7.48887009457892e-05,7.48887009457892e-05,5.2812410310331e-05,3.85999560413216e-05,2.67762181976842e-05,1.90032315119646e-05,1.43029311346676e-05,1.08735611582755e-05,1.08554549466894e-05,0
1118,0.539495,55.0975,0.00019367,0.00561643,0.00561643,0.00561643,0.00453211731363036,0.0044221554811774,0.00365925148282654,0.0030600802592099,0.00254963235131706,0.00212463168454329,0.00176557510423496,0.00145459932208707,0.00120320674222852,0.00120320674222852,0.000848515828906256,0.000620170022608116,0.000430202765703697,0.000305317304086724,0.000229799461834968,0.000174701148937566,0.000174410243693098,0
695,0.881632,54.7046,0.000126899,0.003680071,0.003680071,0.003680071,0.00296959340621872,0.00289754277072304,0.00239766279712503,0.002005065961757,0.00167060358212311,0.00139212906561088,0.00115686329918063,0.000953101664550667,0.000788380917963839,0.000788380917963839,0.000555975681170935,0.000406355944126335,0.00028188310406895,0.000200054012347298,0.000150572220309783,0.000114469980373977,0.000114279369620542,0
644,0.736594,42.7233,0.000157139,0.004557031,0.004557031,0.004557031,0.00367724677310147,0.00358802648916577,0.00296902524273186,0.00248287267956826,0.00206870799841798,0.00172387307418521,0.00143254353438518,0.00118022555312356,0.000976251893773155,0.000976251893773155,0.000688464547108485,0.00050319046410191,0.000349055777352782,0.000247726833515174,0.000186453542795916,0.000141748148101927,0.000141512114853564,0
626,0.124938,18.1374,0.000111156,0.003223524,0.003223524,0.003223524,0.00260118775295036,0.0025380756682282,0.00210021044986352,0.0017563188996372,0.0014633496857696,0.00121942252040633,0.00101334365821419,0.000834860547559823,0.000690574940048294,0.000690574940048294,0.000487001732214095,0.000355943713703866,0.000246912885963547,0.0001752354533643,0.000131892337376608,0.000100268915739681,0.000100101952021222,0
441,0.777975,21.2034,0.000236915,0.006870535,0.006870535,0.006870535,0.00554410375049691,0.00540958829877185,0.00447633378971369,0.00374337230655607,0.00311894536331017,0.00259904536347175,0.00215981425011528,0.0017794000020254,0.00147187342043202,0.00147187342043202,0.00103798279343897,0.00075864915013271,0.000526263686872987,0.000373492276024713,0.000281111888783143,0.000213710552488994,0.000213354690373059,0
385,0.177509,32.9495,0.000199442,0.005783818,0.005783818,0.005783818,0.00466718924595996,0.00455395019092778,0.0037683091559761,0.00315128066844293,0.00262561974188763,0.00218795266395768,0.00181819502214504,0.00149795114367579,0.00123906624197625,0.00123906624197625,0.000873804378317353,0.00063865311947647,0.000443024216437635,0.000314416759238211,0.000236648238071408,0.00017990781507929,0.000179608239906226,0
682,0.0931873,19.0083,0.000115955,0.003362695,0.003362695,0.003362695,0.00271349028296591,0.0026476534250009,0.00219088400728637,0.00183214543531102,0.00152652769813068,0.00127206932917446,0.00105709330929708,0.000870904447733809,0.000720389517194752,0.000720389517194752,0.000508027329688775,0.000371311070230413,0.000257572993737658,0.000182800991353209,0.00013758659883861,0.000104597881577196,0.000104423709440973,0
504,0.355651,27.3766,0.000173776,0.005039504,0.005039504,0.005039504,0.00406657313106536,0.00396790670159077,0.00328336905911946,0.00274574537679796,0.00228773125152307,0.00190638713075435,0.00158421324579715,0.00130518124539166,0.001079611993791,0.001079611993791,0.000761355329601971,0.000556465461087148,0.000386011854251694,0.000273954767568413,0.000206194202921637,0.000156755650631355,0.000156494627500448,0
634,0.0726026,18.2755,0.000162416,0.004710064,0.004710064,0.004710064,0.00380073509377079,0.00370851863804879,0.00306873025680155,0.00256625184788473,0.00213817879884087,0.0017817637201259,0.00148065082939756,0.00121985957296481,0.00100903612457163,0.00100903612457163,0.000711584379964055,0.000520088472101615,0.000360777675399038,0.00025604592998683,0.000192714975955946,0.000146508296617151,0.000146264336963176,0
969,0.0413763,21.1616,3.81742e-05,0.0011070518,0.0011070518,0.0011070518,0.000893323450993897,0.000871648927400022,0.000721273289387706,0.00060317093938726,0.000502556799223667,0.000418785123416598,0.000348011654588146,0.000286715368623,0.000237163498833995,0.000237163498833995,0.000167250544513003,0.000122241413110171,8.47970590103066e-05,6.01809460921538e-05,4.52956607423991e-05,3.44352589444541e-05,3.43779187524607e-05,0
734,0.107413,29.8248,0.000233589,0.006774081,0.006774081,0.006774081,0.00546627124063408,0.00533364422312566,0.00441349147840125,0.00369081988779151,0.00307515914344917,0.00256255791067684,0.00212949307080674,0.00175441937856662,0.00145121009815881,0.00145121009815881,0.00102341077068407,0.000747998633815291,0.00051887558133919,0.000368248896289119,0.000277165417930337,0.000210710314861244,0.000210359448618924,0
948,0.0913132,7.0722,0.000210381,0.006101049,0.006101049,0.006101049,0.00492317536303438,0.00480372536936842,0.00397499347451093,0.00332412219245541,0.00276962980173715,0.00230795754854083,0.00191791942997912,0.00158011080693964,0.00130702657942261,0.00130702657942261,0.000921730823571679,0.000673681982373719,0.000467323220176122,0.000331661897821392,0.000249627926784233,0.000189775403597016,0.000189459397317074,0
557,0.0384129,11.2915,0.000196716,0.005704764,0.005704764,0.005704764,0.00460339747750353,0.00449170618906022,0.00371680340112411,0.00310820854169843,0.00258973241917533,0.00215804743355511,0.00179334368877309,0.00147747694657759,0.00122213051842942,0.00122213051842942,0.000861861102902479,0.000629923922999836,0.000436968902040422,0.000310119268811504,0.00023341369822031,0.000177448810938205,0.000177153330398779,0
611,0.451945,44.8407,0.000229414,0.006653006,0.006653006,0.006653006,0.00536857108168118,0.00523831454308273,0.00433460793969726,0.00362485285581856,0.00302019598412274,0.00251675661319675,0.00209143205949791,0.00172306216180763,0.00142527222368778,0.00142527222368778,0.00100511907044302,0.00073462944992316,0.000509601576347127,0.000361667083181451,0.000272211564710112,0.000206944231849862,0.000206599636735728,0
1000,0.183323,40.3251,0.000235361,0.006825469,0.006825469,0.006825469,0.00550773823025432,0.00537410510768521,0.00444697210848112,0.0037188183502241,0.00309848721969502,0.00258199740747557,0.00214564734913949,0.00176772835775152,0.00146221893973071,0.00146221893973071,0.00103117433782829,0.000753672931745076,0.000522811757829235,0.000371042422714697,0.000279267987488717,0.00021230875775853,0.00021195522985414,0
668,0.259573,24.0853,0.000199212,0.005777148,0.005777148,0.005777148,0.00466180696175417,0.0045486984959793,0.00376396347599959,0.0031476465565019,0.00262259183131395,0.00218542947870728,0.00181609824786934,0.00149622368023757,0.00123763732913114,0.00123763732913114,0.000872796691837007,0.000637916613537502,0.000442513313168611,0.000314054168336472,0.00023637533118742,0.000179700342242735,0.000179401112544996,0
977,0.190783,23.6014,6.23123e-05,0.0018070567,0.0018070567,0.0018070567,0.00145818481789709,0.00142280517885976,0.00117734484521781,0.000984564667403136,0.000820330747999039,0.000683589027297811,0.000568064468258482,0.000468009652179927,0.000387125416862529,0.000387125416862529,0.000273005488126996,0.000199536430524933,0.000138415468566936,9.82342306368728e-05,7.39367635963188e-05,5.6209172318595e-05,5.61155750920505e-05,0
720,0.0356512,25.3365,0.000156785,0.004546765,0.004546765,0.004546765,0.00366896273567169,0.00357994344563638,0.0029623366744202,0.00247727930727642,0.00206404764910025,0.00171998956297372,0.00142931632528259,0.00117756676157083,0.000974052610524594,0.000974052610524594,0.000686913586177867,0.000502056885395846,0.000348269430582197,0.000247168758822931,0.000186033503504907,0.000141428820344794,0.000141193318828019,0
659,0.174371,16.6211,0.000193037,0.005598073,0.005598073,0.005598073,0.0045173043314466,0.00440770190334095,0.00364729141576076,0.00305007855112873,0.00254129901482517,0.00211768743991937,0.00175980441677185,0.00144984504227667,0.00119927412557219,0.00119927412557219,0.000845742500462524,0.000618143030176088,0.000428796671054601,0.000304319390865849,0.000229048374628165,0.000174130147609134,0.000173840193172843,0
764,0.271267,25.9497,0.000219271,0.006358859,0.006358859,0.006358859,0.00513121234820593,0.00500671479585506,0.0041429634527333,0.00346458851921937,0.00288666512782384,0.00240548414365412,0.00199896431393971,0.00164688102418214,0.00136225716721841,0.00136225716721841,0.000960680096659801,0.000702149538014686,0.000487070742183174,0.000345676824414726,0.000260176371126221,0.000197794679757779,0.000197465320105485,0
708,0.242706,40.299,0.000100476,0.002913804,0.002913804,0.002913804,0.00235126255591637,0.00229421435496866,0.00189841974486745,0.00158756970168004,0.0013227493165226,0.00110225896182254,0.000915980400542738,0.000754646158341617,0.000624223682718813,0.000624223682718813,0.000440210029561548,0.00032174422053789,0.000223189203732352,0.000158398623666121,0.000119219965546188,9.06349596770325e-05,9.04840380301942e-05,0
433,0.0830532,10.855,0.00019303,0.00559787,0.00559787,0.00559787,0.00451714052279686,0.00440754206914686,0.00364715915593539,0.00304996794772183,0.0025412068610251,0.00211761064732479,0.00175974060190259,0.00144979246730246,0.00119923063692038,0.00119923063692038,0.000845711831743557,0.000618120614777946,0.000428781121824674,0.000304308355490578,0.000229040068766478,0.000174123833218456,0.000173833889296632,0
315,0.648461,52.6168,0.000112958,0.003275782,0.003275782,0.003275782,0.00264335677964093,0.00257922155647667,0.00213425790776641,0.00178479137667079,0.00148707270687289,0.00123919112832468,0.00102977142884377,0.000848394848062745,0.000701770161556508,0.000701770161556508,0.000494896736725321,0.000361714077625691,0.000250915702010421,0.000178076274255322,0.000134030503485074,0.000101894420311301,0.000101724749868771,0
495,0.302764,21.4471,0.000239548,0.006946892,0.006946892,0.006946892,0.00560571920403534,0.00546970878920371,0.00452608237831431,0.00378497498803746,0.00315360835696442,0.00262793034940351,0.00218381775736705,0.00179917570303772,0.00148823136617626,0.00148823136617626,0.00104951861301614,0.000767080542034022,0.00053211241864403,0.000377643153608543,0.000284236079328976,0.000216085665439645,0.00021572584838227,0
830,0.765057,30.9289,0.000231677,0.006718633,0.006718633,0.006718633,0.005421528078019,0.00528998665468444,0.00437736565181394,0.00366060935722091,0.00304998799120195,0.00254158256198656,0.00211206249508878,0.00174005889989759,0.00143933148355076,0.00143933148355076,0.0010150338291605,0.000741876027922655,0.000514628420250609,0.000365234662358135,0.000274896731138224,0.000208985584150403,0.000208637589859482,0
860,0.308733,29.6551,0.000120143,0.003484147,0.003484147,0.003484147,0.00281149465798261,0.00274327993997571,0.00227001317138033,0.00189831787361107,0.00158166200022866,0.00131801324147305,0.00109527283393453,0.000902359303730611,0.000746408156304852,0.000746408156304852,0.000526375986122189,0.000384721882719094,0.000266875875871014,0.000189403298729237,0.000142555877230539,0.000108375691314122,0.000108195228522848,0
570,0.0196422,16.7746,0.000129258,0.003748482,0.003748482,0.003748482,0.00302479692118156,0.00295140689412933,0.00244223435827538,0.00204233930988255,0.00170165941274611,0.00141800816998346,0.00117836891012135,0.000970819430858321,0.000803036593623038,0.000803036593623038,0.000566311039462823,0.000413909933300356,0.000287123194554286,0.000203772933813403,0.000153371295698168,0.000116597930032385,0.000116403775903767,0
490,0.203905,24.8875,0.000186254,0.005401366,0.005401366,0.005401366,0.00435857374984721,0.00425282256927358,0.00351913164497534,0.0029429038498419,0.00245200198255903,0.00204327541577388,0.00169796780845861,0.00139889989227039,0.00115713362197052,0.00115713362197052,0.000816024511783477,0.000596422509376012,0.000413729467255519,0.000293626112228888,0.000220999994653845,0.000168011503042378,0.000167731737124048,0
532,0.946574,58.9032,0.00011904,0.00345216,0.00345216,0.00345216,0.0027856830950305,0.00271809463767934,0.00224917280175387,0.00188088993678085,0.00156714119430362,0.00130591292264178,0.00108521743382109,0.000894074989937757,0.000739555587312866,0.000739555587312866,0.000521543472262099,0.000381189856411784,0.00026442576149826,0.000187664438883067,0.000141247110739064,0.000107380723754468,0.000107201917742688,0
601,0.235043,17.5451,0.000240815,0.006983635,0.006983635,0.006983635,0.00563536856963853,0.00549863877833291,0.00455002140670663,0.00380499420468649,0.00317028819477677,0.00264182980902201,0.00219536824870317,0.00180869177336913,0.00149610281215346,0.00149610281215346,0.00105506965114917,0.000771137729097813,0.000534926829260783,0.000379640556532475,0.000285739440294252,0.000217228570152321,0.000216866849976524,0
1929,0.190092,24.8181,5.09229e-05,0.0014767641,0.0014767641,0.0014767641,0.0011916587842736,0.00116274581170263,0.000962150551633334,0.000804606604180926,0.000670391249356551,0.000558643087772137,0.000464234029407996,0.000382467164861403,0.000316366895305564,0.000316366895305564,0.000223105729869419,0.000163065296867201,0.000113115982948587,8.02790444791544e-05,6.04226520115448e-05,4.59352978635451e-05,4.58588082746902e-05,0
867,0.482255,26.1162,0.000168593,0.004889197,0.004889197,0.004889197,0.00394528452654971,0.00384956089759974,0.00318544010556191,0.0026638514542313,0.00221949794498682,0.00184952769965512,0.00153696289331484,0.00126625323234691,0.00104741175345966,0.00104741175345966,0.000738647333829672,0.000539868459862499,0.00037449876015017,0.000265783860421816,0.00020004430561854,0.000152080295362374,0.000151827057442818,0
