"Population","shapeRisk","v_to_h","aImp","aImp_2000","aImp_2001","aImp_2002","aImp_2003","aImp_2004","aImp_2005","aImp_2006","aImp_2007","aImp_2008","aImp_2009","aImp_2010","aImp_2011","aImp_2012","aImp_2013","aImp_2014","aImp_2015","aImp_2016","aImp_2017","aImp_2018","aImp_2019","aImp_2020"
404,0.83648,42.8647,2.13452e-05,0.0081752116,0.0081613462873333,0.0081613462873333,0.0081613462873333,0.0081613462873333,0.00814405021715339,0.00813907191142502,0.00811444865741547,0.0080939230687011,0.00807152413071786,0.00805815217531584,0.00805078162049155,0.00804918795655856,0.00789560292677863,0.00771812343002682,0.0075330541395227,0.00733458803479572,0.0070349521330928,0.00674800827704514,0.00643608686642594,0
444,0.903602,12.5835,9.1905e-06,0.0035199615,0.00351399157907805,0.00351399157907805,0.00351399157907805,0.00351399157907805,0.00350654449341061,0.00350440100828063,0.00349379909234755,0.00348496148843288,0.00347531728554254,0.00346955978708282,0.00346638628277681,0.0034657001065697,0.00339957173971474,0.00332315524725285,0.00324347085383521,0.00315801825861506,0.00302900547098127,0.00290545743634088,0.00277115493628018,0
417,0.0941843,11.3432,1.40636e-05,0.0053863588,0.00537722343414635,0.00537722343414635,0.00537722343414635,0.00537722343414635,0.00536582766307921,0.00536254763288781,0.00534632423863108,0.0053328006516212,0.00531804278080148,0.00530923247066187,0.00530437627185245,0.00530332626285333,0.00520213449960853,0.0050851995142011,0.00496326388118132,0.004832501559421,0.00463508202401308,0.00444602483017503,0.00424051080592676,0
335,0.913722,54.7456,3.4047e-06,0.0013040001,0.00130178849129939,0.00130178849129939,0.00130178849129939,0.00130178849129939,0.00129902965417715,0.00129823558162157,0.00129430801041463,0.00129103404381344,0.00128746126566418,0.00128532835069701,0.00128415269865298,0.00128389849875827,0.00125940067484977,0.00123109152606733,0.00120157175518772,0.00116991510419528,0.00112212120418366,0.00107635176905607,0.00102659824944814,0
345,0.229933,21.323,1.7662e-05,0.006764546,0.00675307320272852,0.00675307320272852,0.00675307320272852,0.00675307320272852,0.00673876163893349,0.00673464235985556,0.00671426794723273,0.00669728413129879,0.00667875022003724,0.00666768564925268,0.00666158691326958,0.0066602682424497,0.00653318492648297,0.00638633022980032,0.00623319538876421,0.00606897540761211,0.00582104288433395,0.00558361234325147,0.00532551422496931,0
318,0.285069,14.6214,6.3439e-06,0.0024297137,0.00242559285985672,0.00242559285985672,0.00242559285985672,0.00242559285985672,0.00242045238145341,0.00241897280413813,0.00241165465012171,0.00240555434268749,0.00239889726649837,0.00239492305459711,0.00239273248890787,0.00239225884403106,0.00234661260644974,0.00229386481399786,0.00223886129695285,0.00217987617984093,0.00209082289400556,0.00200554174750045,0.00191283714708316,0
350,0.870939,11.3605,2.86776e-05,0.0109835208,0.0109648925420998,0.0109648925420998,0.0109648925420998,0.0109648925420998,0.0109416550094372,0.0109349665801718,0.0109018848648829,0.0108743084250784,0.010844215112113,0.010826249687182,0.0108163472349666,0.0108142061232972,0.0106078623059511,0.0103694159097566,0.0101207725105212,0.0098541302881518,0.00945156490883113,0.00906605148538266,0.00864698033846563,0
348,0.257805,4.22023,1.451e-06,0.000555733,0.000554790466377482,0.000554790466377482,0.000554790466377482,0.000554790466377482,0.00055361471736454,0.000553276303031956,0.000551602468091648,0.000550207183473816,0.000548684552670934,0.000547775556395971,0.00054727452220327,0.000547166188415497,0.000536725814082595,0.000524661146157868,0.000512080540657733,0.000498589249034377,0.000478220655937525,0.000458714840338461,0.000437511105221972,0
327,0.395564,16.2571,4.6486e-05,0.017804138,0.0177739418470183,0.0177739418470183,0.0177739418470183,0.0177739418470183,0.017736274122266,0.0177254322692926,0.0176718072582415,0.0176271062239585,0.0175783253724749,0.0175492036627313,0.01753315192222,0.0175296812092921,0.0171952006846613,0.0168086823158475,0.0164056347436357,0.0159734113236472,0.0153208583128269,0.0146959462908158,0.0140166376549611,0
321,0.71183,6.12844,3.3634e-05,0.012881822,0.0128599741875536,0.0128599741875536,0.0128599741875536,0.0128599741875536,0.012832720471288,0.0128248760690398,0.0127860767827667,0.0127537342584137,0.0127184398652889,0.0126973694443984,0.0126857555339661,0.0126832443702046,0.0124412377883212,0.0121615802824767,0.0118699634076376,0.011557236941435,0.0110850954802224,0.0106329530943789,0.0101414531447525,0
295,0.671483,0.329278,0.000216145,0.082783535,0.0826431325673059,0.0826431325673059,0.0826431325673059,0.0826431325673059,0.0824679897207157,0.0824175785794915,0.0821682394663469,0.0819603939848022,0.0817335786609642,0.0815981720449395,0.0815235365965719,0.0815073988939129,0.0799521716642884,0.0781549851387267,0.0762809431154139,0.0742712427515751,0.0712370804118651,0.0683314398104456,0.0651728723902158,0
389,0.603183,34.4891,2.49904e-05,0.0095713232,0.00955509005579588,0.00955509005579588,0.00955509005579588,0.00955509005579588,0.00953484027072832,0.00952901180102674,0.00950018354141801,0.00947615272080225,0.00944992863202461,0.00943427309755884,0.00942564384539532,0.00942377802548494,0.00924396470313555,0.00903617636591563,0.00881950209734873,0.008587143190261,0.00823633733986294,0.00790039100344195,0.00753520160161211,0
402,0.536168,0.229814,0.000196271,0.075171793,0.0750443002249309,0.0750443002249309,0.0750443002249309,0.0750443002249309,0.074885261331396,0.074839485370355,0.0746130723740978,0.0744243377722877,0.0742183775584266,0.0740954212469977,0.0740276483441475,0.0740129944634721,0.0726007665443177,0.0709688268901109,0.0692670984117394,0.0674421850428851,0.064687006451767,0.0620485323418815,0.0591803874107662,0
404,0.309228,22.3989,1.43184e-05,0.0054839472,0.00547464632238411,0.00547464632238411,0.00547464632238411,0.00547464632238411,0.00546304408622496,0.00545970462945056,0.00544318730470259,0.00542941870148276,0.00541439345207684,0.00540542351943492,0.00540047933750193,0.00539941030476117,0.00529638518012421,0.00517733160244439,0.00505318677694947,0.00492005534346921,0.00471905902134794,0.00452657654714143,0.00431733908270867,0
329,0.910622,3.48855,6.70274e-05,0.0256714942,0.0256279548629015,0.0256279548629015,0.0256279548629015,0.0256279548629015,0.0255736423891661,0.0255580096994102,0.0254806886766135,0.0254162349893679,0.0253458986807,0.0253039085656618,0.0252807638246227,0.0252757594606484,0.0247934774850722,0.0242361629965416,0.0236550153210766,0.0230317994698324,0.0220908939998531,0.0211898436177134,0.020210359651382,0
335,0.970353,16.9856,1.9367e-06,0.0007417561,0.000740498067700392,0.000740498067700392,0.000740498067700392,0.000740498067700392,0.0007389287547346,0.000738477061393515,0.000736242935873946,0.000734380601125941,0.000732348293010199,0.00073113502417097,0.000730466276465247,0.000730321679603235,0.000716386550057727,0.000700283419547859,0.000683491649270731,0.000665484354655326,0.000638297687356447,0.000612262599092692,0.000583961238789382,0
325,0.0464606,0.918358,0.000155869,0.059697827,0.0595965783623651,0.0595965783623651,0.0595965783623651,0.0595965783623651,0.0594702773128142,0.059433924243479,0.0592541179179718,0.0591042339633909,0.0589406702551798,0.0588430242590514,0.0587892022751906,0.0587775648670814,0.0576560412923776,0.0563600332119095,0.0550086021997106,0.0535593436648789,0.0513713131773439,0.0492759637827123,0.0469982208544752,0
429,0.646046,35.1011,2.85082e-05,0.0109186406,0.0109001223801396,0.0109001223801396,0.0109001223801396,0.0109001223801396,0.0108770221127304,0.0108703731923471,0.0108374868923848,0.0108100733479726,0.0107801577976937,0.0107622984954153,0.0107524545374743,0.0107503260734574,0.0105452011392346,0.0103081632576828,0.0100609886072907,0.00979592145370216,0.00939573404796564,0.00901249787135555,0.00859590219840732,0
435,0.0286819,7.06552,2.13486e-05,0.0081765138,0.00816264627877761,0.00816264627877761,0.00816264627877761,0.00816264627877761,0.008145347453569,0.00814036835486425,0.00811574117870528,0.00809521232054384,0.00807280981471448,0.00805943572934186,0.00805206400048845,0.00805047008270647,0.00789686058892053,0.00771935282209915,0.00753425405257455,0.00733575633489684,0.00703607270527074,0.00674908314297013,0.0064371120475133,0
407,0.235368,13.3574,2.88279e-05,0.0110410857,0.0110223598109465,0.0110223598109465,0.0110223598109465,0.0110223598109465,0.0109990004898092,0.0109922770063232,0.0109590219089588,0.0109313009403617,0.0109010499076102,0.0108829903254496,0.010873035974241,0.0108708836409532,0.0106634583706352,0.0104237622710713,0.0101738157257251,0.00990577602497459,0.00950110079069702,0.00911356688200765,0.00869229937300379,0
387,0.606568,34.795,4.8016e-05,0.018390128,0.0183589379969546,0.0183589379969546,0.0183589379969546,0.0183589379969546,0.0183200305092872,0.0183088318169417,0.0182534418386551,0.0182072695531901,0.0181568831709494,0.0181268029744376,0.0181102229208217,0.0181066379758501,0.0177611486485113,0.0173619087483916,0.0169455956169688,0.0164991463691486,0.0158251157928988,0.0151796359570582,0.0144779691442717,0
426,0.199,30.5312,3.3566e-06,0.0012855778,0.00128339743586675,0.00128339743586675,0.00128339743586675,0.00128339743586675,0.0012806775742976,0.00127989472002554,0.00127602263569705,0.0012727949221559,0.00126927261853567,0.00126716983638781,0.00126601079340282,0.00126576018472464,0.00124160845454834,0.00121369924410303,0.00118459651466006,0.00115338709394128,0.00110626840366636,0.00106114557758792,0.00101209495230053,0
480,0.397022,44.5673,1.25784e-05,0.0048175272,0.00480935658324088,0.00480935658324088,0.00480935658324088,0.00480935658324088,0.0047991642735342,0.00479623063408488,0.00478172052697725,0.00476962511137633,0.00475642575969406,0.00474854587082776,0.00474420251556279,0.0047432633937736,0.00465275808398106,0.0045481721301393,0.00443911362688437,0.00432216058584012,0.00414558973028571,0.00397649810317939,0.00379268758506137,0
485,0.571657,33.7432,8.68e-08,3.32444e-05,3.31880168722022e-05,3.31880168722022e-05,3.31880168722022e-05,3.31880168722022e-05,3.3117682610091e-05,3.30974383895064e-05,3.29973082221606e-05,3.29138411616315e-05,3.28227561487506e-05,3.27683792523572e-05,3.27384069794927e-05,3.27319263642075e-05,3.21073746811642e-05,3.13856564345299e-05,3.06330743825577e-05,2.98260143460951e-05,2.86075485426445e-05,2.74406947907501e-05,2.61722701125205e-05,0
426,0.809729,77.7139,6.233e-07,0.0002387239,0.000238319019774696,0.000238319019774696,0.000238319019774696,0.000238319019774696,0.000237813958189743,0.000237668586960592,0.000236949564687474,0.000236350198111116,0.000235696127966777,0.000235305654239565,0.000235090427077394,0.000235043890585375,0.000230559062658636,0.0002253764937286,0.000219972295652629,0.000214176897948399,0.000205427246620165,0.000197048215012379,0.000187939815220438,0
438,0.0724592,8.91939,6.81563e-05,0.0261038629,0.0260595902574525,0.0260595902574525,0.0260595902574525,0.0260595902574525,0.0260043630331584,0.0259884670519207,0.0259098437601618,0.0258443045203284,0.0257727835818098,0.0257300862538875,0.0257065517006497,0.0257014630513461,0.0252110583062423,0.0246443573231423,0.0240534217458516,0.02341970946517,0.0224629569209337,0.0215467307185115,0.0205507499247693,0
318,0.672039,41.4986,7.6282e-06,0.0029216006,0.00291664551042089,0.00291664551042089,0.00291664551042089,0.00291664551042089,0.0029104643604412,0.0029086852479589,0.00289988555968071,0.00289255026669536,0.00288454548910022,0.00287976671212939,0.00287713267420468,0.00287656314160654,0.00282167598551678,0.00275824959002167,0.00269211080650952,0.00262118436215302,0.0025141025552189,0.00241155654381106,0.00230008422663973,0
319,0.276585,26.9354,2.32449e-05,0.0089027967,0.00888769738931628,0.00888769738931628,0.00888769738931628,0.00888769738931628,0.00886886198736526,0.00886344061774467,0.00883662592042974,0.00881427357624432,0.00878988115670613,0.00877531911155666,0.00876729258522591,0.00876555708690516,0.00859830315352757,0.00840502817114061,0.00820348791146446,0.00798735853540951,0.00766105535851287,0.00734857380577772,0.00700889172279409,0
320,0.204251,8.10203,9.20073e-05,0.0352387959,0.035179030239237,0.035179030239237,0.035179030239237,0.035179030239237,0.0351044764886109,0.0350830177780511,0.0349768806081659,0.0348884061971264,0.0347918568180293,0.0347342177463756,0.0347024473788511,0.0346955779789119,0.0340335582315931,0.0332685427104692,0.0324708118045887,0.031615334674487,0.0303237707491665,0.0290869151822694,0.0277423952525772,0
408,0.174956,0.0869937,0.000104651,0.040081333,0.040013354305217,0.040013354305217,0.040013354305217,0.040013354305217,0.0399285553321271,0.0399041477523069,0.0397834251469739,0.0396827925277177,0.0395729752733052,0.0395074154048207,0.039471279133766,0.0394634657366438,0.038710470826711,0.0378403264001151,0.0369329708203807,0.0359599334946221,0.0344908820568697,0.0330840570339492,0.0315547723449928,0
375,0.149147,0.247983,0.000132585,0.050780055,0.0506939310714393,0.0506939310714393,0.0506939310714393,0.0506939310714393,0.0505864971066695,0.0505555745261833,0.0504026280027093,0.0502751339909552,0.0501360037325126,0.0500529442761956,0.0500071623200004,0.0499972633294753,0.0490432750242184,0.0479408670319372,0.0467913152881499,0.0455585496783066,0.0436973712387848,0.0419150290187972,0.0399775395491765,0
297,0.484612,18.1406,1.95521e-05,0.0074884543,0.00747575374063347,0.00747575374063347,0.00747575374063347,0.00747575374063347,0.00745991062397189,0.00745535051999387,0.00743279573836989,0.00741399439834487,0.00739347707944684,0.00738122843294946,0.00737447704036565,0.00737301725190809,0.00723233410718422,0.00706976374623932,0.00690024117091251,0.00671844717852863,0.0064439821412516,0.00618114295643116,0.00589542445238492,0
297,0.799851,52.3828,3.34821e-05,0.0128236443,0.0128018951580272,0.0128018951580272,0.0128018951580272,0.0128018951580272,0.0127747645267204,0.0127669555518582,0.0127283314933779,0.0126961350363809,0.0126610000420286,0.0126400247807068,0.012628463321752,0.0126259634990672,0.0123850498826291,0.0121066553837163,0.0118163555274681,0.0115050414163294,0.0110350322702728,0.0105849318784951,0.0100956516720555,0
301,0.980096,34.8666,6.136e-06,0.002350088,0.00234610220654185,0.00234610220654185,0.00234610220654185,0.00234610220654185,0.00234113019004053,0.00233969910089875,0.00233262077478315,0.00232672038442132,0.00232028147152919,0.00231643750106525,0.00231431872380377,0.00231386060104582,0.00226971026547953,0.00221869110463451,0.00216549014298818,0.00210843806483456,0.00202230320112519,0.00193981685755809,0.00185015033882979,0
441,0.448033,46.3546,2.61661e-05,0.0100216163,0.0100046194502273,0.0100046194502273,0.0100046194502273,0.0100046194502273,0.00998341699244127,0.00997731431617124,0.00994712980036725,0.00992196842418623,0.00989451059520533,0.00987811852943668,0.00986908330490902,0.00986712970551257,0.00967885687378814,0.00946129291280592,0.00923442497236685,0.00899113449287279,0.00862382460739274,0.00827207331756043,0.00788970319114311,0
412,0.140637,7.00545,4.08855e-05,0.0156591465,0.0156325882929542,0.0156325882929542,0.0156325882929542,0.0156325882929542,0.0155994586676829,0.015589923010071,0.0155427585866031,0.0155034430047682,0.0154605391304118,0.0154349259207633,0.0154208080479268,0.0154177554765416,0.0151235722065292,0.0147836204626034,0.0144291309063141,0.0140489805247381,0.0134750452297269,0.0129254208164425,0.01232795333739,0
415,0.38321,37.8843,4.1087e-06,0.0015736321,0.00157096319035504,0.00157096319035504,0.00157096319035504,0.00157096319035504,0.00156763390023135,0.00156667563491895,0.00156193594806902,0.00155798501360363,0.00155367348143285,0.00155109953725991,0.00154968079212721,0.00154937403056013,0.00151981071834677,0.00148564800221835,0.00145002434004164,0.0014118219486613,0.00135414556102723,0.00129891224293496,0.00123887103930084,0
414,0.703594,9.04796,2.99499e-05,0.0114708117,0.0114513569875665,0.0114513569875665,0.0114513569875665,0.0114513569875665,0.0114270885069581,0.0114201033412659,0.0113855539345955,0.0113567540484648,0.0113253256264915,0.0113065631540342,0.0112962213732155,0.0112939852697624,0.0110784868774585,0.010829461654937,0.010569787032836,0.0102913150583423,0.00987088960941645,0.00946827263725214,0.00903060913183153,0
402,0.247502,21.3837,9.6138e-06,0.0036820854,0.00367584051389375,0.00367584051389375,0.00367584051389375,0.00367584051389375,0.00366805042715314,0.00366580821646356,0.00365471799292866,0.0036454733428536,0.00363538494312049,0.00362936226332156,0.00362604259238994,0.00362532481198408,0.00355615067637991,0.00347621456025673,0.0033928600287907,0.00330347162120379,0.00316851670713451,0.0030392782440013,0.0028987899816561,0
384,0.650988,12.5007,2.31283e-05,0.0088581389,0.00884311532978519,0.00884311532978519,0.00884311532978519,0.00884311532978519,0.00882437440911253,0.00881898023391729,0.00879230004325573,0.00877005982187282,0.00874578975846945,0.00873130075878218,0.00872331449474424,0.00872158770195048,0.00855517274007338,0.0083628672547781,0.00816233795209803,0.00794729271429482,0.00762262632441065,0.00731171222729153,0.00697373404197473,0
393,0.0246187,0.169032,0.000118445,0.045364435,0.0452874960648386,0.0452874960648386,0.0452874960648386,0.0452874960648386,0.0451915197782515,0.0451638950466024,0.0450272600503896,0.0449133630920442,0.0447890708760226,0.0447148695915374,0.0446739702152766,0.0446651269378867,0.0438128801164803,0.0428280423546993,0.0418010886548623,0.0406997957283783,0.0390371092987734,0.0374448513190138,0.0357139923211692,0
375,0.0857199,2.80961,4.46733e-05,0.0171098739,0.0170808552319925,0.0170808552319925,0.0170808552319925,0.0170808552319925,0.0170446563426887,0.0170342372627412,0.0169827033341135,0.0169397453959206,0.0168928667311057,0.0168648806089208,0.0168494547985826,0.0168461194244949,0.0165246818127195,0.0161532355483489,0.0157659046291972,0.0153505355609149,0.0147234285519599,0.0141228846842813,0.0134700653734753,0
335,0.970353,16.9856,1.9367e-06,0.0007417561,0.000740498067700392,0.000740498067700392,0.000740498067700392,0.000740498067700392,0.0007389287547346,0.000738477061393515,0.000736242935873946,0.000734380601125941,0.000732348293010199,0.00073113502417097,0.000730466276465247,0.000730321679603235,0.000716386550057727,0.000700283419547859,0.000683491649270731,0.000665484354655326,0.000638297687356447,0.000612262599092692,0.000583961238789382,0
365,0.947733,1.97582,0.000101535,0.038887905,0.0388219503815559,0.0388219503815559,0.0388219503815559,0.0388219503815559,0.0387396763112395,0.0387159954709509,0.0385988674001968,0.0385012311330213,0.0383946837046473,0.0383310758915678,0.0382960155836727,0.0382884348316799,0.0375578604637328,0.0367136247244239,0.0358332857999193,0.0348892208137185,0.033463910613795,0.0320989740274056,0.0306152240308153,0
366,0.937963,9.46196,4.09012e-05,0.0156651596,0.0156385911946235,0.0156385911946235,0.0156385911946235,0.0156385911946235,0.015605448847602,0.0155959095283051,0.0155487269937354,0.0155093963147479,0.0154664759653373,0.0154408529202363,0.0154267296261478,0.0154236758825775,0.0151293796464197,0.0147892973612903,0.0144346716812888,0.0140543753222639,0.0134802196365485,0.0129303841679197,0.0123326872618228,0
358,0.0145695,3.94461,1.3569e-05,0.005196927,0.00518811291404276,0.00518811291404276,0.00518811291404276,0.00518811291404276,0.00517711791862125,0.00517395324317065,0.00515830040629605,0.00514525242767485,0.00513101357352991,0.00512251311146584,0.00511782769936332,0.00511681461792549,0.00501918164802669,0.00490635912626886,0.00478871182369729,0.00466254825647654,0.00447207173012838,0.00428966345179364,0.00409137711010127,0
380,0.324484,16.1998,5.5576e-05,0.021285608,0.0212495072084045,0.0212495072084045,0.0212495072084045,0.0212495072084045,0.0212044738333919,0.0211915119347374,0.0211274009418756,0.021073958944687,0.021015639351647,0.0209808231028687,0.020961632560971,0.0209574831753133,0.0205575974110643,0.0200954981797861,0.0196136375793206,0.019096896005744,0.0183167409885485,0.0175696319549623,0.0167574894443944,0
393,0.255368,4.81076,7.0873e-06,0.0027144359,0.0027098321656493,0.0027098321656493,0.0027098321656493,0.0027098321656493,0.00270408930832371,0.00270243634905471,0.00269426062860506,0.00268744546618469,0.00268000829093364,0.00267556836722617,0.00267312110352256,0.00267259195531162,0.00262159673476745,0.00256266777475166,0.00250121875658411,0.00243532156077281,0.00233583270491111,0.00224055802062769,0.00213698997659523,0
500,0.82445,59.6369,1.321e-07,5.05943e-05,5.05084911154137e-05,5.05084911154137e-05,5.05084911154137e-05,5.05084911154137e-05,5.0401450147385e-05,5.03706406826474e-05,5.02182536422514e-05,5.00912260075059e-05,4.99526046918197e-05,4.98698490695436e-05,4.98242345851495e-05,4.98143718054357e-05,4.88638732186842e-05,4.77654978686798e-05,4.66201512204593e-05,4.53918951050594e-05,4.35375249134025e-05,4.17617025559687e-05,3.98313004823036e-05,0
591,0.413564,28.3397,2.39547e-05,0.0091746501,0.00915908972083574,0.00915908972083574,0.00915908972083574,0.00915908972083574,0.00913967916612842,0.0091340922510266,0.00910645874734321,0.00908342385800153,0.00905828659811607,0.00904327989028158,0.0090350082681066,0.00903321977507699,0.00886085862067838,0.00866168184553265,0.0084539874068186,0.00823125836240096,0.00789499127965998,0.00757296787446983,0.00722291335097228,0
341,0.315643,16.6286,2.29445e-05,0.0087877435,0.00877283932170788,0.00877283932170788,0.00877283932170788,0.00877283932170788,0.00875424733464554,0.00874889602682062,0.00872242786294199,0.00870036438402135,0.00867628719418211,0.00866191333819942,0.00865399054079458,0.00865227747077834,0.00848718500428539,0.00829640776569208,0.00809747206417736,0.00788413578529929,0.00756204951079155,0.00725360623993508,0.00691831395848762,0
348,0.310939,26.9911,6.2854e-06,0.0024073082,0.00240322536000622,0.00240322536000622,0.00240322536000622,0.00240322536000622,0.0023981322843026,0.00239666635084566,0.0023894156808706,0.00238337162715805,0.00237677593890964,0.00237283837503187,0.00237066800954958,0.00237019873236855,0.00232497341959665,0.00227271203863588,0.00221821573414894,0.00215977454574823,0.00207154246094398,0.00198704773085001,0.00189519800190364,0
348,0.541905,0.313609,0.000218752,0.083782016,0.0836399201247463,0.0836399201247463,0.0836399201247463,0.0836399201247463,0.0834626648193851,0.0834116456518584,0.0831592991729733,0.0829489467948065,0.0827193957724826,0.0825823559701802,0.0825068203177187,0.0824904879726167,0.0809165026066132,0.0790976395894734,0.0772009940937011,0.0751670540349884,0.0720962956083015,0.0691556090652784,0.0659589450651391,0
310,0.818194,29.8505,1.3802e-05,0.005286166,0.00527720056301999,0.00527720056301999,0.00527720056301999,0.00527720056301999,0.00526601676710226,0.00526279774944663,0.00524687612997997,0.00523360409807416,0.0052191207415329,0.0052104743138368,0.00520570844620919,0.00520467796864969,0.00510536849480908,0.00499060864181316,0.00487094115930946,0.00474261117517056,0.00454886388232234,0.00436332338135867,0.00416163216697013,0
320,0.196987,0.754976,5.27498e-05,0.0202031734,0.020168908437849,0.020168908437849,0.020168908437849,0.020168908437849,0.0201261651399283,0.0201138623912302,0.0200530116273886,0.020002287309998,0.0199469334365825,0.0199138876945391,0.0198956730470834,0.0198917346696622,0.0195121842506506,0.0190735840989651,0.0186162275007493,0.0181257637275766,0.0173852818446404,0.0166761654616718,0.0159053227417216,0
308,0.0611721,0.288337,0.000180827,0.069256741,0.0691392802643976,0.0691392802643976,0.0691392802643976,0.0691392802643976,0.0689927556835821,0.0689505817011437,0.0687419844918046,0.0685681008725153,0.0683783470750014,0.0682650658417741,0.0682026257935567,0.0681891249845687,0.0668880212151022,0.0653844941945477,0.0638166698315064,0.0621353536424117,0.0595969721235112,0.0571661119461632,0.0545236530833725,0
310,0.849312,54.2935,3.7314e-06,0.0014291262,0.0014267023750799,0.0014267023750799,0.0014267023750799,0.0014267023750799,0.00142367881211168,0.00142280854385489,0.00141850410023238,0.0014149159782317,0.00141100037204433,0.00140866279196136,0.00140737432953086,0.00140709573773507,0.00138024721066009,0.00134922164078116,0.00131686928284649,0.00128217499920529,0.00122979500728138,0.00117963373896549,0.00112510609098916,0
329,0.285547,3.64291,8.02341e-05,0.0307296603,0.030677542218041,0.030677542218041,0.030677542218041,0.030677542218041,0.0306125283215012,0.0305938154549251,0.0305012595348808,0.0304241062574476,0.0303399112801206,0.0302896476701792,0.0302619426201994,0.0302559522246367,0.0296786441348617,0.0290115195499276,0.028315865821631,0.0275698550420049,0.0264435588770206,0.025364970621089,0.0241924946709099,0
386,0.0792856,7.54484,2.1615e-06,0.0008278545,0.000826450443194298,0.000826450443194298,0.000826450443194298,0.000826450443194298,0.000824698974213268,0.00082419485113961,0.000821701402329495,0.000819622899433945,0.000817354693727239,0.000816000596243895,0.000815254224495085,0.000815092843735422,0.000799540211674382,0.000781567930682448,0.000762827076934314,0.000742729608399591,0.000712387283121268,0.000683330204956294,0.00065174380009462,0
404,0.916893,81.4228,1.1939e-06,0.0004572637,0.000456488172162699,0.000456488172162699,0.000456488172162699,0.000456488172162699,0.000455520751937646,0.000455242300613268,0.000453865049382921,0.000452716992659813,0.000451464153986098,0.000450716221075913,0.000450303964202953,0.000450214825878196,0.000441624362117994,0.000431697410336236,0.000421345939001562,0.000410245144329527,0.000393485624482296,0.000377436008187518,0.000359989323586845,0
337,0.777155,22.1006,1.9162e-06,0.0007339046,0.000732659883992096,0.000732659883992096,0.000732659883992096,0.000732659883992096,0.00073110718222876,0.000730660270068804,0.000728449792803044,0.000726607170897675,0.000724596374795344,0.000723395948425886,0.000722734279425159,0.000722591213123209,0.000708803587143396,0.000692870908523575,0.000676256879399275,0.000658440192280961,0.000631541296283587,0.000605781789839116,0.000577779999880319,0
343,0.192822,14.3965,1.05903e-05,0.0040560849,0.00404920570370603,0.00404920570370603,0.00404920570370603,0.00404920570370603,0.00404062435651667,0.0040381543983455,0.00402593771042797,0.00401575405592195,0.00400464094979393,0.00399800652991058,0.00399434967090923,0.00399355898358142,0.00391735864154301,0.00382930319514519,0.00373748211559448,0.00363901428259736,0.00349035162823926,0.00334798606039724,0.00319322802042195,0
8820,0.128319,17.9032,1.04763e-05,0.0040124229,0.0040056177552794,0.0040056177552794,0.0040056177552794,0.0040056177552794,0.00399712878258176,0.00399468541244224,0.00398260023188734,0.00397252620001843,0.0039615327216723,0.00395496971845011,0.0039513522239546,0.00395057004803396,0.00387518996972673,0.0037880824021321,0.00369724973679711,0.00359984186744235,0.00345277950227312,0.00331194643820662,0.00315885430161058,0
8283,0.936806,68.525,2.5863e-06,0.0009905529,0.000988872903647196,0.000988872903647196,0.000988872903647196,0.000988872903647196,0.000986777218139152,0.000986174019663369,0.000983190532891406,0.000980703541432344,0.000977989564833106,0.000976369346317644,0.000975476289989192,0.000975283193038595,0.000956673999284504,0.000935169622541761,0.000912745625295034,0.000888698397503522,0.000852392889353012,0.000817625218171854,0.000779831131244374,0
410,0.126707,20.6168,1.08259e-05,0.0041463197,0.00413928746378772,0.00413928746378772,0.00413928746378772,0.00413928746378772,0.00413051520931549,0.00412799030254559,0.00411550183274526,0.00410509162478924,0.00409373128791197,0.00408694927359555,0.00408321106128214,0.00408240278371284,0.00400450722996331,0.00391449283403891,0.00382062903177571,0.00371997060725105,0.0035680006885693,0.00342246794625785,0.00326426703929879,0
378,0.441683,28.9798,1.68834e-05,0.0064663422,0.00645537516198317,0.00645537516198317,0.00645537516198317,0.00645537516198317,0.00644169449976049,0.00643775681227411,0.00641828057186667,0.00640204545931208,0.00638432858481354,0.00637375177729548,0.00636792189398118,0.00636666135457905,0.00624518029599041,0.00610479944523897,0.00595841529989026,0.00580143468445693,0.00556443185558622,0.0053374680464303,0.00509074775596461,0
413,0.136794,17.0304,9.6904e-06,0.0037114232,0.00370512855643305,0.00370512855643305,0.00370512855643305,0.00370512855643305,0.00369727640051643,0.0036950163245354,0.0036838377372814,0.00367451942848702,0.00366435064727941,0.00365827998049588,0.00365493385937875,0.00365421035990457,0.00358448506463541,0.0035039120404743,0.00341989336401771,0.00332979273524654,0.00319376253914334,0.0030634943410171,0.00292188670850655,0
400,0.222542,14.8443,6.733e-06,0.002578739,0.00257436541014444,0.00257436541014444,0.00257436541014444,0.00257436541014444,0.00256890964301547,0.00256733931655008,0.00255957230714064,0.00255309784033715,0.00254603245563983,0.00254181448739771,0.00253948956443461,0.00253898686878121,0.00249054094157003,0.00243455788909781,0.00237618075826913,0.00231357781788316,0.00221906249236896,0.00212855066850369,0.00203016007681567,0
421,0.156166,5.78461,2.36057e-05,0.0090409831,0.0090256494225823,0.0090256494225823,0.0090256494225823,0.0090256494225823,0.00900652166346803,0.00900101614505958,0.00897378523847761,0.00895108594826179,0.00892631491728757,0.00891152684467014,0.00890337573313145,0.00890161329695362,0.00873176330081978,0.00853548836516801,0.00833081986120209,0.00811133579319835,0.0077799678413952,0.00746263604864066,0.0071176815275936,0
352,0.800697,13.6421,2.04141e-05,0.0078186003,0.00780533980680672,0.00780533980680672,0.00780533980680672,0.00780533980680672,0.00778879820933939,0.00778403706252561,0.00776048790066831,0.00774085765965047,0.00771943578682269,0.00770664713013301,0.00769959808663665,0.00769807393999504,0.00755118845021606,0.00738145079516288,0.00720445442111718,0.0070146456159288,0.00672808014636404,0.0064536530821181,0.00615533801041479,0
353,0.696212,72.3917,3.7186e-06,0.0014242238,0.00142180828964253,0.00142180828964253,0.00142180828964253,0.00142180828964253,0.00141879509854706,0.00141792781561312,0.00141363813772957,0.00141006232423552,0.00140616014993945,0.0014038305885693,0.00140254654601315,0.00140226890988413,0.00137551248259651,0.00134459334121478,0.00131235196312188,0.00127777669294227,0.0012255763826115,0.00117558718489497,0.00112124658571911,0
317,0.206122,0.301532,0.000155884,0.059703572,0.059602313618737,0.059602313618737,0.059602313618737,0.059602313618737,0.0594760004146478,0.0594396438468873,0.0592598202177798,0.0591099218391677,0.0589463423904589,0.0588486869974015,0.0587948598340004,0.0587832213059692,0.0576615898018272,0.0563654570004639,0.0550138959337629,0.0535644979300309,0.051376256878129,0.0492807058382637,0.0470027437122136,0
391,0.88959,14.5699,4.4754e-05,0.017140782,0.0171117109112735,0.0171117109112735,0.0171117109112735,0.0171117109112735,0.0170754466305531,0.017065008729078,0.0170133817070804,0.0169703461675997,0.0169233828189076,0.0168953461412442,0.0168798924649794,0.0168765510657113,0.0165545327935579,0.0161824155307713,0.0157943849183985,0.0153782655074325,0.0147500256621833,0.0141483969431478,0.0134943983481076,0
394,0.273168,32.8602,3.96779e-05,0.0151966357,0.0151708619199718,0.0151708619199718,0.0151708619199718,0.0151708619199718,0.0151387108160706,0.0151294568050115,0.0150836854367289,0.0150455310855656,0.015003894426204,0.0149790377319943,0.0149653368466776,0.0149623744364792,0.0146768802057807,0.0143469693253875,0.0140029500235448,0.0136340278182365,0.0130770443585276,0.0125436537308514,0.0119638331370688,0
362,0.326209,33.5284,2.92752e-05,0.0112124016,0.0111933851559573,0.0111933851559573,0.0111933851559573,0.0111933851559573,0.0111696633864854,0.0111628355799594,0.0111290644892327,0.0111009133960253,0.0110701929816348,0.0110518531830485,0.0110417443779498,0.0110395586485881,0.0108289149224196,0.0105854996457621,0.0103316748751642,0.0100594762118065,0.00964852194810629,0.00925497497855031,0.00882717099076105,0
1193,0.891178,12.1921,4.4895e-05,0.017194785,0.0171656223211696,0.0171656223211696,0.0171656223211696,0.0171656223211696,0.0171292437877884,0.0171187730011162,0.0170669833252754,0.0170238121999014,0.0169767008905318,0.0169485758817348,0.0169330735177917,0.0169297215912569,0.0166066887823832,0.0162333991431823,0.0158441460184899,0.015426715599861,0.0147964964495625,0.0141929722653309,0.013536913210848,0
1065,0.217065,13.7413,4.176e-07,0.0001599408,0.000159669537394374,0.000159669537394374,0.000159669537394374,0.000159669537394374,0.000159331155045783,0.000159233758887764,0.000158752026654082,0.000158350461625545,0.000157912246171869,0.000157650635665719,0.000157506437265393,0.000157475258637017,0.000154470503074357,0.000150998273353222,0.000147377556015623,0.000143494741830983,0.000137632629854935,0.00013201882655089,0.000125916359435352,0
418,0.999923,18.3335,4.82191e-05,0.0184679153,0.0184365933682305,0.0184365933682305,0.0184365933682305,0.0184365933682305,0.0183975213081134,0.0183862752470904,0.0183306509780551,0.0182842833912076,0.0182336838826292,0.0182034764516974,0.0181868262671066,0.0181832261583912,0.0178362754664576,0.0174353468454175,0.0170172727760367,0.0165689351193064,0.015892053501528,0.0152438433892242,0.0145392086380488,0
449,0.107983,8.80974,3.30248e-05,0.0126484984,0.0126270463087685,0.0126270463087685,0.0126270463087685,0.0126270463087685,0.0126002862288218,0.0125925839092831,0.0125544873798987,0.0125227306635328,0.0124880755444845,0.0124673867642079,0.0124559832121699,0.0124535175321738,0.0122158943245451,0.0119413021499892,0.0116549672219941,0.0113479050527295,0.0108843153123402,0.0104403624115848,0.00995776481580605,0
447,0.479613,43.2135,2.98426e-05,0.0114297158,0.011410330786986,0.011410330786986,0.011410330786986,0.011410330786986,0.0113861492518422,0.0113791891115517,0.0113447634833024,0.0113160667770749,0.0112847509521279,0.0112660556990368,0.0112557509691959,0.0112535228769182,0.011038796539863,0.0107906634874781,0.010531919188582,0.0102544448816219,0.00983552566980095,0.00943435113320782,0.00899825562280994,0
389,0.401801,29.8584,1.56432e-05,0.0059913456,0.00598118416515246,0.00598118416515246,0.00598118416515246,0.00598118416515246,0.00596850844016331,0.00596486000247381,0.00594681442374312,0.00593177189008794,0.00591535643993243,0.00590555657051238,0.00590015493158525,0.00589898698733377,0.00578642953470493,0.00565636060756496,0.00552072936844731,0.00537528004169164,0.00515568667468083,0.0049453948934408,0.00471679787815876,0
420,0.117208,12.2795,6.3513e-06,0.0024325479,0.00242842225300021,0.00242842225300021,0.00242842225300021,0.00242842225300021,0.00242327577835796,0.0024217944751529,0.00241446778469365,0.00240836036140403,0.00240169551990276,0.00239771667218314,0.00239552355125405,0.00239504935388239,0.0023493498711115,0.00229654054968468,0.00224147287241865,0.00218241895064923,0.00209326178639283,0.00200788116157248,0.00191506842356741,0
425,0.83983,18.849,2.71654e-05,0.0104043482,0.0103867022297249,0.0103867022297249,0.0103867022297249,0.0103867022297249,0.0103646900365918,0.0103583542952338,0.0103270170135747,0.0103008947084353,0.0102723882475031,0.0102553701583178,0.0102459898728192,0.0102439616642194,0.0100484985733145,0.00982262570629701,0.0095870935349301,0.00933451163729737,0.00895317395369073,0.0085879890583945,0.00819101597367124,0
424,0.280375,18.7058,1.57586e-05,0.0060355438,0.0060253074041738,0.0060253074041738,0.0060253074041738,0.0060253074041738,0.00601253817026935,0.00600886281802852,0.00599068411693249,0.0059755306143973,0.00595899406734678,0.00594912190421885,0.00594368041736213,0.00594250385717743,0.00582911606740315,0.00569808762084313,0.00556145582908955,0.00541493352159417,0.00519372021272025,0.00498187710748288,0.00475159373035904,0
405,0.401494,37.3617,2.9355e-06,0.0011242965,0.00112238967198559,0.00112238967198559,0.00112238967198559,0.00112238967198559,0.00112001102882399,0.00111932638700917,0.00111594007242111,0.00111311728951577,0.001110036874132,0.00110819789510708,0.00110718425908181,0.00110696509034713,0.0010858432992691,0.00106143542008713,0.00103598375403224,0.0010086896902415,0.000967482243628259,0.000928020271408374,0.000885123259392901,0
366,0.106782,0.866314,7.3844e-05,0.028282252,0.0282342847685588,0.0282342847685588,0.0282342847685588,0.0282342847685588,0.0281744487864005,0.0281572262722893,0.0280720418013506,0.0280010332573677,0.0279235438369624,0.0278772833814639,0.0278517848501573,0.0278462715488311,0.0273149421193075,0.0267009494671824,0.0260606998237971,0.0253741037254959,0.0243375093845972,0.0233448233424902,0.0222657271219926,0
358,0.602602,2.40398,0.000138213,0.052935579,0.0528457992621853,0.0528457992621853,0.0528457992621853,0.0528457992621853,0.0527338049146141,0.0527015697249867,0.0525421308906623,0.0524092249824029,0.0522641888892542,0.0521776037051388,0.0521298783854449,0.0521195592001868,0.0511250757696745,0.0499758724975309,0.0487775243045673,0.0474924299633276,0.045552247773324,0.0436942482616813,0.0416745157726013,0
370,0.632483,11.6774,1.82838e-05,0.0070026954,0.00699081869686603,0.00699081869686603,0.00699081869686603,0.00699081869686603,0.00697600328693988,0.00697173898647531,0.00695064728193941,0.00693306554183223,0.0069138791344761,0.00690242502965724,0.00689611158446599,0.00689474648914629,0.00676318913819666,0.00661116434467349,0.00645263831101162,0.00628263687904531,0.00602597576087562,0.00578018635270871,0.00551300175441592,0
384,0.743768,19.9786,2.6174e-06,0.0010024642,0.00100076400185832,0.00100076400185832,0.00100076400185832,0.00100076400185832,0.000998643115940693,0.000998032664063296,0.000995013301159945,0.0009924964038762,0.000989749791978569,0.000988110090496771,0.000987206295254886,0.000987010876332683,0.000968177908876488,0.000946414944144455,0.000923721300563439,0.00089938490725195,0.000862642828980619,0.000827457080015084,0.000789208522955197,0
372,0.0908485,7.37759,3.22816e-05,0.0123638528,0.0123428834730609,0.0123428834730609,0.0123428834730609,0.0123428834730609,0.012316725609976,0.0123091966257453,0.0122719574320795,0.0122409153783793,0.0122070401485197,0.0121868169547568,0.0121756700316727,0.0121732598400784,0.0119409841763533,0.0116725715064161,0.0113926803454836,0.011092528395333,0.0106393714174451,0.010205409365865,0.00973367229106383,0
338,0.980681,25.4493,6.103e-07,0.0002337449,0.000233348464252362,0.000233348464252362,0.000233348464252362,0.000233348464252362,0.000232853936600674,0.000232711597340043,0.00023200757152056,0.000231420705771241,0.000230780277391503,0.000230397947669512,0.000230187209442216,0.000230141643549261,0.000225750354469061,0.000220675876981493,0.000215384392807315,0.000209709868150021,0.000201142705939815,0.000192938433534502,0.000184020005180544,0
285,0.21623,3.03834,7.442e-07,0.0002850286,0.000284545186132407,0.000284545186132407,0.000284545186132407,0.000284545186132407,0.000283942158968084,0.00028376859043169,0.000282910101139769,0.00028219447687196,0.000281413538316822,0.000280947325341062,0.000280690351084544,0.000280634788021236,0.000275280048821686,0.000269092229476696,0.000262639792114049,0.000255720275073317,0.00024527347494742,0.000235269182756638,0.000224394048591448,0
326,0.136031,0.0816055,0.00016031,0.06139873,0.0612945965988795,0.0612945965988795,0.0612945965988795,0.0612945965988795,0.0611646969956646,0.061127308159237,0.0609423788144536,0.0607882243850362,0.0606200004401636,0.0605195723265597,0.0604642168534847,0.0604522478738031,0.0592987699900626,0.057965836209902,0.0565759003947906,0.0550853497675403,0.052834978189762,0.0506799283629625,0.0483372882688727,0
369,0.178077,0.215332,0.000144551,0.055363033,0.0552691362545358,0.0552691362545358,0.0552691362545358,0.0552691362545358,0.0551520062093464,0.0551182928184509,0.0549515426361929,0.0548125420939515,0.0546608551158761,0.0545702994159849,0.0545203855678876,0.0545095931782554,0.0534695059624074,0.0522676039546974,0.0510143033994596,0.0496702787988755,0.0476411261450208,0.0456979248006649,0.043585573928974,0
303,0.111084,17.6126,3.37935e-05,0.0129429105,0.0129209590803084,0.0129209590803084,0.0129209590803084,0.0129209590803084,0.0128935761207847,0.012885694518615,0.0128467112373915,0.0128142153375068,0.012778753570424,0.0127575832288541,0.0127459142426438,0.0127433911703784,0.0125002369388009,0.0122192532341047,0.0119262534463936,0.0116120439608844,0.0111376634985698,0.0106833769517421,0.0101895461987035,0
296,0.0979341,0.731435,0.000213464,0.081756712,0.0816180510784306,0.0816180510784306,0.0816180510784306,0.0816180510784306,0.0814450806530008,0.0813952947969769,0.0811490484140011,0.0809437809876325,0.080719779015402,0.0805860519438385,0.0805123422519634,0.0804964047166959,0.078960468075346,0.0771855733311118,0.0753347763824688,0.0733500037600788,0.070353476291556,0.0674838764148926,0.0643644869504501,0
931,0.20801,10.8325,1.4589e-06,0.0005587587,0.000557811034733362,0.000557811034733362,0.000557811034733362,0.000557811034733362,0.000556628884330205,0.000556288627493674,0.000554605679323849,0.000553202798049587,0.000551671877251293,0.000550757931927004,0.000550254169843109,0.000550145246229751,0.000539648029059337,0.000527517674796495,0.00051486857392527,0.000501303828681084,0.000480824338350968,0.000461212322928863,0.000439893143630831,0
936,0.177912,0.260777,0.000152684,0.058477972,0.0583787922593931,0.0583787922593931,0.0583787922593931,0.0583787922593931,0.0582550720234923,0.0582194617864447,0.058043329592078,0.0578965083401214,0.0577362868642377,0.0576406361493883,0.0575879139545721,0.0575765143432335,0.0564779077859317,0.0552083821088683,0.0538845660026087,0.0524649213642763,0.0503216007106582,0.0482690673206323,0.0460378673947013,0
945,0.76066,41.0813,1.1944e-06,0.0004574552,0.000456679347375096,0.000456679347375096,0.000456679347375096,0.000456679347375096,0.000455711521998764,0.000455432954060213,0.000454055126043187,0.000452906588519039,0.00045165322516207,0.000450904979020915,0.000450492549496613,0.000450403373841123,0.000441809312432978,0.000431878203288048,0.000421522396803305,0.000410416953167926,0.000393650414508463,0.000377594076705897,0.000360140085511457,0
462,0.919114,11.7833,4.8405e-06,0.0018539115,0.00185076723121999,0.00185076723121999,0.00185076723121999,0.00185076723121999,0.0018468449616837,0.00184571601986643,0.0018401321480342,0.00183547751316679,0.00183039805458557,0.00182736566556492,0.00182569422792897,0.00182533282910077,0.00179050399935686,0.00175025656649012,0.00170828797867247,0.00166328136454232,0.0015953322433257,0.00153026132643578,0.00145952619216193,0
452,0.0813975,13.205,2.92969e-05,0.0112207127,0.0112016821601754,0.0112016821601754,0.0112016821601754,0.0112016821601754,0.011177942807138,0.0111711099395568,0.0111373138162882,0.0111091418563157,0.011078398670672,0.0110600452778616,0.0110499289796947,0.0110477416301792,0.0108369417660899,0.0105933460598707,0.0103393331437598,0.010066932715393,0.00965567383524195,0.009261835152248,0.00883371405828918,0
1194,0.292486,10.6448,1.88527e-05,0.0072205841,0.00720833785353188,0.00720833785353188,0.00720833785353188,0.00720833785353188,0.00719306146247998,0.00718866447840838,0.00716691650598995,0.00714878771045956,0.00712900431849712,0.00711719381948058,0.0071106839315931,0.00710927636136516,0.00697362560658507,0.00681687056524496,0.00665341199783462,0.00647812097537588,0.00621347385264878,0.00596003671292136,0.00568453867223865,0
1247,0.130543,10.2377,4.1076e-06,0.0015732108,0.00157054260488776,0.00157054260488776,0.00157054260488776,0.00157054260488776,0.00156721420609689,0.00156625619733567,0.00156151777941644,0.00155756790271333,0.00155325752484571,0.0015506842697809,0.00154926590448115,0.00154895922504169,0.0015194038276538,0.00148525025772437,0.00144963613287781,0.00141144396921682,0.00135378302296966,0.00129856449219453,0.00123853936306669,0
475,0.22129,28.074,9.8962e-06,0.0037902446,0.00378381627385585,0.00378381627385585,0.00378381627385585,0.00378381627385585,0.00377579735767261,0.00377348928329762,0.00376207329064684,0.00375255708414444,0.00374217234330951,0.00373597275065873,0.00373255556624948,0.00373181670144552,0.00366061061428268,0.00357832641944004,0.00349252339521506,0.00340050925313164,0.00326159011391381,0.00312855534318227,0.00298394031667655,0
460,0.339092,22.0272,1.88542e-05,0.0072211586,0.00720891137916907,0.00720891137916907,0.00720891137916907,0.00720891137916907,0.00719363377266334,0.00718923643874921,0.00716748673597075,0.00714935649803723,0.00712957153202503,0.00711776009331559,0.00711124968747408,0.00710984200525394,0.00697418045753002,0.0068174129441004,0.00665394137123985,0.00647863640189108,0.00621396822272728,0.0059605109184765,0.00568499095801248,0
407,0.054135,4.60011,8.4764e-06,0.0032464612,0.00324095514073197,0.00324095514073197,0.00324095514073197,0.00324095514073197,0.00323408669212184,0.00323210975535498,0.00322233160615579,0.00321418068228632,0.00320528583201923,0.00319997569003088,0.00319704876637064,0.00319641590591669,0.00313542569985507,0.00306494675347523,0.00299145382138608,0.00291264087561337,0.00279365235560912,0.00267970397839071,0.00255583675555033,0
398,0.210537,4.52606,0.000162754,0.062334782,0.0622290610370784,0.0622290610370784,0.0622290610370784,0.0622290610370784,0.0620971810544096,0.0620592222079001,0.0618714735298333,0.0617149689449328,0.0615441803483151,0.0614422211617298,0.061386021768898,0.0613738703165926,0.0602028071297027,0.0588495521583581,0.0574384261297096,0.0559251513696355,0.0536404718376678,0.0514525672808034,0.0490742125563728,0
368,0.388592,27.313,4.0997e-06,0.0015701851,0.00156752203653188,0.00156752203653188,0.00156752203653188,0.00156752203653188,0.00156420003913122,0.00156324387287396,0.00155851456818424,0.00155457228813756,0.00155027020026535,0.00154770189424987,0.00154628625684131,0.00154598016722744,0.00151648161267706,0.00148239372908574,0.00144684809961027,0.00140872938957012,0.00135117934055622,0.00129606700960413,0.00123615732465784,0
335,0.792588,22.822,2.76635e-05,0.0105951205,0.0105771509763153,0.0105771509763153,0.0105771509763153,0.0105771509763153,0.0105547351714776,0.0105482832590796,0.0105163713825316,0.0104897701033962,0.0104607409530065,0.0104434108231288,0.010433858542364,0.0104317931448877,0.0102327460771012,0.0100027316448919,0.00976288079702632,0.00950566760211061,0.00911733777775859,0.00874545691640455,0.00834120500296901,0
322,0.176961,8.00854,4.92142e-05,0.0188490386,0.0188170702759439,0.0188170702759439,0.0188170702759439,0.0188170702759439,0.0187771918837505,0.0187657137371987,0.0187089415473163,0.0186616170702392,0.0186099733370489,0.0185791425138405,0.0185621487185501,0.0185584743142095,0.0182043635833381,0.0177951609781134,0.0173684590930653,0.0169108690694884,0.0162200186116062,0.0155584313545038,0.0148392550204102,0
857,0.209286,18.6193,1.66479e-05,0.0063761457,0.00636533163694396,0.00636533163694396,0.00636533163694396,0.00636533163694396,0.00635184180097389,0.00634795903876341,0.00632875446488143,0.00631274580961664,0.0062952760609307,0.00628484678519951,0.006279098220667,0.00627785526404022,0.0061580686976331,0.00601964596493561,0.00587530367526938,0.00572051272157092,0.00548681575326142,0.00526301777427337,0.00501973888947269,0
961,0.885093,76.4398,2.77e-07,0.000106091,0.000105911067668203,0.000105911067668203,0.000105911067668203,0.000105911067668203,0.000105686613859392,0.000105622009607065,0.00010530246978731,0.000105036106011197,0.000104745431488524,0.00010457190153114,0.000104476252688012,0.000104455571461814,0.00010246247450095,0.000100159295303742,9.77576221655355e-05,9.51820964731375e-05,9.12936744966881e-05,8.75699591824628e-05,8.35221062346563e-05,0
973,0.0587975,2.38156,1.99387e-05,0.0076365221,0.0076235704148592,0.0076235704148592,0.0076235704148592,0.0076235704148592,0.00760741403522836,0.0076027637651711,0.00757976301208749,0.0075605899166984,0.00753966691270844,0.00752717607602505,0.00752029118942408,0.00751880253684361,0.00737533769072959,0.00720955285658021,0.00703667834322008,0.00685128977237887,0.00657139778948417,0.0063033615348425,0.00601199357249437,0
423,0.971926,31.2644,3.19636e-05,0.0122420588,0.0122212960379761,0.0122212960379761,0.0122212960379761,0.0122212960379761,0.0121953958511049,0.0121879410334888,0.0121510686761504,0.0121203324119116,0.0120867908806014,0.0120667669017355,0.0120557297849045,0.0120533433356565,0.0118233557760237,0.0115575871890638,0.0112804531835751,0.0109832579741111,0.0105345649608027,0.0101048777881753,0.00963778770701105,0
378,0.189764,2.40333,4.78851e-05,0.0183399933,0.018308888326349,0.018308888326349,0.018308888326349,0.018308888326349,0.0182700869072865,0.0182589187445317,0.0182036797689975,0.0181576333572447,0.0181073843370799,0.0180773861444361,0.0180608512909413,0.0180572761191557,0.0177127286560486,0.0173145771536073,0.0168993989644725,0.0164541668152557,0.0157819737640482,0.0151382536189464,0.0144384996724084,0
428,0.268723,10.5715,1.70413e-05,0.0065268179,0.00651574829405829,0.00651574829405829,0.00651574829405829,0.00651574829405829,0.00650193968506156,0.00649796517081907,0.00647830678117864,0.00646191983165565,0.00644403726218552,0.00643336153632713,0.00642747712971922,0.00642620480127155,0.00630358760546225,0.00616189385942114,0.00601414067368065,0.00585569191562339,0.00561647254584986,0.00538738608453467,0.00513835837175685,0
416,0.373118,13.3591,9.87175e-05,0.0378088025,0.0377446780596961,0.0377446780596961,0.0377446780596961,0.0377446780596961,0.0376646870168394,0.0376416632974205,0.0375277854195984,0.0374328584662829,0.0373292676280448,0.0372674248714812,0.0372333374538948,0.0372259670605836,0.0365156654387998,0.0356948564409644,0.0348389460870984,0.0339210780093392,0.0325353188163423,0.0312082579263349,0.0297656805856306,0
650,0.462706,41.1204,3.01069e-05,0.0115309427,0.0115113860042593,0.0115113860042593,0.0115113860042593,0.0115113860042593,0.0114869903061492,0.0114799685236063,0.011445238005919,0.0114162871482618,0.0113846939757468,0.0113658331487649,0.011355437155425,0.0113531893301217,0.0111365612763634,0.0108862306418059,0.0106251947825832,0.0103452630335997,0.00992263367763299,0.00951790615202343,0.00907794837615947,0
635,0.603998,55.7015,1.37347e-05,0.0052603901,0.00525146837943129,0.00525146837943129,0.00525146837943129,0.00525146837943129,0.00524033911687577,0.00523713579548795,0.00522129181150818,0.00520808449542235,0.00519367176124706,0.00518506749443952,0.00518032486568246,0.00517929941283965,0.00508047418241228,0.00496627391049929,0.00484718993919487,0.00471948570552203,0.00452668314480022,0.00434204735878474,0.00414133961191745,0
365,0.452524,21.048,7.1481e-06,0.0027377223,0.00273307907147683,0.00273307907147683,0.00273307907147683,0.00273307907147683,0.00272728694775566,0.00272561980820312,0.00271737395049339,0.00271050032266657,0.00270299934593184,0.00269852133333842,0.0026960530752317,0.0026955193876036,0.00264408669306947,0.00258465219769198,0.00252267602527604,0.00245621351552215,0.00235587117209305,0.00225977915246268,0.00215532262662797,0
393,0.217882,17.3277,1.05677e-05,0.0040474291,0.00404056458410566,0.00404056458410566,0.00404056458410566,0.00404056458410566,0.00403200154975413,0.00402953686254363,0.00401734624538395,0.00400718432308494,0.00399609493263999,0.00398947467079649,0.00398582561563577,0.0039850366156571,0.00390899888730575,0.0038211313537233,0.0037295062229557,0.00363124852310172,0.0034829031190565,0.00334084136336647,0.00318641358142952,0
353,0.392756,7.9545,2.2757e-05,0.008715931,0.00870114861705882,0.00870114861705882,0.00870114861705882,0.00870114861705882,0.00868270856172628,0.00867740098421656,0.00865114911534227,0.0086292659368116,0.00860538550319259,0.00859112910882365,0.00858327105567182,0.00858157198468055,0.00841782863616651,0.00822861040876265,0.00803130038852379,0.0078197074708996,0.00750025325097881,0.00719433054554262,0.00686177823675839,0
379,0.244627,21.6996,7.43208e-05,0.0284648664,0.028416589451101,0.028416589451101,0.028416589451101,0.028416589451101,0.0283563671166826,0.0283390333992952,0.0282532989045801,0.0281818318687256,0.0281038421103694,0.0280572829578178,0.0280316197861921,0.0280260708862788,0.0274913107396759,0.0268733536260301,0.0262289699835391,0.0255379406337933,0.0244946531535504,0.0234955574816173,0.022409493693302,0
323,0.164968,17.0719,6.7898e-06,0.0026004934,0.0025960829142728,0.0025960829142728,0.0025960829142728,0.0025960829142728,0.00259058112195848,0.00258899754812293,0.00258116501574685,0.00257463592994522,0.00256751094123026,0.00256325738994994,0.00256091285379446,0.00256040591736977,0.00251155129735217,0.00245509596842363,0.00239622636454712,0.0023330953019253,0.00223778263934156,0.00214650725219165,0.00204728663145151,0
335,0.270196,16.3183,2.56957e-05,0.0098414531,0.00982476181040376,0.00982476181040376,0.00982476181040376,0.00982476181040376,0.00980394051894142,0.00979794755328617,0.00976830567838909,0.00974359663982642,0.00971663243285081,0.00970053505477875,0.00969166226063306,0.00968974378199042,0.00950485561745151,0.00929120290374137,0.00906841347248718,0.00882949673770686,0.00846879015077454,0.00812336245546863,0.0077478663724688,0
345,0.32199,0.723828,2.56982e-05,0.0098424106,0.00982571768646575,0.00982571768646575,0.00982571768646575,0.00982571768646575,0.00980489436924701,0.0097989008205209,0.00976925606169042,0.00974454461912255,0.00971757778873067,0.00970147884450376,0.00969260518710136,0.00969068652180505,0.00950578036902642,0.00929210686850043,0.0090692957614959,0.00883035578189885,0.00846961410090538,0.00812415279806053,0.00774862018209186,0
333,0.859466,55.6043,2.0301e-05,0.007775283,0.00776209597376241,0.00776209597376241,0.00776209597376241,0.00776209597376241,0.00774564602151449,0.00774091125282684,0.00771749256011616,0.00769797107629355,0.0076766678868178,0.00766395008297354,0.00765694009321061,0.00765542439078085,0.00750935268896675,0.00734055542946305,0.00716453966636294,0.00697578245668291,0.006690804642445,0.00641789798326057,0.00612123566306772,0
370,0.709862,64.5491,1.7237e-06,0.0006601771,0.000659057427219067,0.000659057427219067,0.000659057427219067,0.000659057427219067,0.000657660708698316,0.000657258692995302,0.000655270278600671,0.00065361276509567,0.000651803972046099,0.000650724139600094,0.000650128941365801,0.000650000247396136,0.000637597715874686,0.000623265622076028,0.00060832062572828,0.000592293789497282,0.000568097136209174,0.000544925410262856,0.000519736658904972,0
393,0.217882,17.3277,1.05677e-05,0.0040474291,0.00404056458410566,0.00404056458410566,0.00404056458410566,0.00404056458410566,0.00403200154975413,0.00402953686254363,0.00401734624538395,0.00400718432308494,0.00399609493263999,0.00398947467079649,0.00398582561563577,0.0039850366156571,0.00390899888730575,0.0038211313537233,0.0037295062229557,0.00363124852310172,0.0034829031190565,0.00334084136336647,0.00318641358142952,0
476,0.111718,0.336658,0.000106566,0.040814778,0.0407455553686993,0.0407455553686993,0.0407455553686993,0.0407455553686993,0.0406592046662092,0.040634350454103,0.0405114187557923,0.0404089446685532,0.0402971178772783,0.0402303583341785,0.0401935608084863,0.040185604434656,0.0394188305330984,0.0385327634055543,0.0376088042010558,0.0366179613456909,0.0351220278570905,0.0336894594593442,0.0321321905162541,0
478,0.417841,38.894,3.2639e-06,0.0012500737,0.00124795355148826,0.00124795355148826,0.00124795355148826,0.00124795355148826,0.00124530880496631,0.0012445475709621,0.00124078242288376,0.0012376438498554,0.00123421882251045,0.00123217411338443,0.00123104707995813,0.00123080339239789,0.00120731866615037,0.00118018023083712,0.00115188123821694,0.00112153373530207,0.00107571633281495,0.00103183967428029,0.000984143691477598,0
2159,0.091801,5.85381,5.294e-07,0.0002027602,0.00020241631488645,0.00020241631488645,0.00020241631488645,0.00020241631488645,0.000201987340711776,0.000201863869624478,0.000201253167889537,0.000200744095748476,0.000200188561119223,0.000199856912168179,0.000199674108927919,0.000199634583147598,0.000195825393504704,0.000191423577378343,0.000186833520485323,0.000181911198097036,0.000174479679705945,0.000167362947260635,0.000159626725778437,0
2311,0.229093,0.261777,0.000159262,0.060997346,0.0608938933536944,0.0608938933536944,0.0608938933536944,0.0608938933536944,0.0607648429475612,0.060727698534442,0.0605439781345362,0.0603908314640985,0.0602237072553262,0.0601239356738354,0.0600689420779719,0.0600570513435072,0.0589111141298568,0.0575868941829045,0.0562060448423376,0.0547252384422557,0.0524895782949153,0.0503486167484382,0.0480212912748875,0
2514,0.838852,26.1311,7.6786e-06,0.0029409038,0.00293591597183055,0.00293591597183055,0.00293591597183055,0.00293591597183055,0.0029296939826019,0.00292790311541087,0.00291904528703551,0.00291166152930534,0.0029036038636382,0.0028987935129856,0.00289614207180567,0.00289556877626963,0.00284031897726713,0.0027764735195643,0.0027098977529252,0.00263850269306366,0.00253071338985657,0.00242748985046375,0.00231528102864055,0
2236,0.206987,12.8744,8.168e-07,0.0003128344,0.00031230382697252,0.00031230382697252,0.00031230382697252,0.00031230382697252,0.000311641971842423,0.000311451470927982,0.000310509232210378,0.000309723795631573,0.000308866673067966,0.000308354978955361,0.000308072935724074,0.000308011952238303,0.000302134834557315,0.00029534336607977,0.00028826146492711,0.000280666918408876,0.000269200986746913,0.000258220731625399,0.000246284680045008,0
1032,0.164621,15.1637,4.0614e-06,0.0015555162,0.00155287801526224,0.00155287801526224,0.00155287801526224,0.00155287801526224,0.00154958705244958,0.00154863981883803,0.00154395469600787,0.00154004924532085,0.00153578734818589,0.00153324303566271,0.00153184062334691,0.0015315373932672,0.00150231441854931,0.00146854498897696,0.00143333143199677,0.00139556883254874,0.0013385564245518,0.00128395896109623,0.00122460896123261,0
1043,0.873819,12.4635,5.8374e-06,0.0022357242,0.00223193236969808,0.00223193236969808,0.00223193236969808,0.00223193236969808,0.00222720230954084,0.0022258408623837,0.00221910699327236,0.00221349373729156,0.00220736816523867,0.00220371125631002,0.00220169558642961,0.00220125975758554,0.00215925793737129,0.0021107215538125,0.00206010954378735,0.00200583382654257,0.00192389059749808,0.00184541833838162,0.00176011531745192,0
333,0.369864,44.8458,1.0518e-06,0.0004028394,0.000402156176799335,0.000402156176799335,0.000402156176799335,0.000402156176799335,0.0004013039005679,0.000401058590991738,0.000399845262535352,0.000398833849467788,0.000397730125774837,0.000397071213106328,0.00039670802374459,0.000396629494814211,0.000389061482599637,0.00038031605343132,0.000371196631746246,0.000361417072456484,0.000346652299045547,0.000332512935263951,0.000317142784612316,0
313,0.566813,4.70847,9.99776e-05,0.0382914208,0.0382264778299802,0.0382264778299802,0.0382264778299802,0.0382264778299802,0.0381454657248691,0.0381221481144092,0.0380068166188005,0.0379106779507042,0.0378057648057295,0.0377431326444754,0.0377086101109784,0.0377011456367534,0.0369817772226217,0.0361504908381205,0.0352836550390507,0.0343540706438727,0.0329506226402891,0.0316066222063559,0.030145630788036,0
298,0.638444,4.52416,8.92093e-05,0.0341671619,0.0341092137506607,0.0341092137506607,0.0341092137506607,0.0341092137506607,0.0340369272265944,0.0340161210889516,0.0339132116173179,0.0338274277688978,0.0337338145172896,0.0336779282861441,0.033647124075526,0.0336404635783698,0.0329985762689445,0.0322568253521303,0.0314833539460357,0.0306538924148053,0.0294016057627343,0.0282023637534155,0.0268987315224524,0
311,0.281699,16.6512,3.15683e-05,0.0120906589,0.0120701529150546,0.0120701529150546,0.0120701529150546,0.0120701529150546,0.012044573040785,0.0120372104183347,0.0120007940685442,0.0119704379256075,0.0119373112088779,0.0119175348704169,0.0119066342517364,0.0119042773161661,0.0116771340569976,0.0114146522813614,0.0111409456455172,0.0108474259064727,0.0104042819661148,0.00997990881754419,0.00951859532941336,0
291,0.161015,0.175995,8.08869e-05,0.0309796827,0.0309271405753472,0.0309271405753472,0.0309271405753472,0.0309271405753472,0.0308615977132969,0.0308427325952554,0.030749423622524,0.0306716426112531,0.0305867626074697,0.0305360900431739,0.0305081595796028,0.0305021204450348,0.0299201152661044,0.0292475628278131,0.0285462491275865,0.0277941686614189,0.0266587087351847,0.0255713448786858,0.0243893294396824,0
401,0.458479,18.9093,1.87823e-05,0.0071936209,0.00718142038362631,0.00718142038362631,0.00718142038362631,0.00718142038362631,0.00716620103787457,0.00716182047307864,0.00714015371222451,0.00712209261348054,0.00710238309692025,0.00709061670082429,0.00708413112224568,0.00708272880818497,0.00694758460223537,0.00679141491762986,0.00662856673934923,0.00645393029092928,0.00619027141696442,0.00593778066553347,0.00566331139325338,0
382,0.822097,32.9102,2.52867e-05,0.0096848061,0.00966838048666263,0.00966838048666263,0.00966838048666263,0.00966838048666263,0.00964789060894687,0.00964199303368585,0.00961282297029158,0.00958850722697956,0.00956197221090566,0.00954613105576706,0.00953739949041863,0.00953551154831575,0.00935356625979487,0.00914331426915931,0.00892407099066154,0.00868895710789634,0.00833399190936968,0.00799406240743387,0.00762454311813676,0
361,0.690236,8.6684,1.50374e-05,0.0057593242,0.00574955627781168,0.00574955627781168,0.00574955627781168,0.00574955627781168,0.0057373714341127,0.00573386428615626,0.00571651754216496,0.00570205754704973,0.00568627780312468,0.00567685744434788,0.00567166498978598,0.00567054227545086,0.00556234373307072,0.00543731186714977,0.00530693309585568,0.00516711645308721,0.00495602707897652,0.00475387907657172,0.00453413473029971,0
423,0.441322,41.7862,1.09453e-05,0.0041920499,0.00418494010450824,0.00418494010450824,0.00418494010450824,0.00418494010450824,0.00417607109991047,0.00417351834567586,0.00416089213921676,0.0041503671159724,0.0041388814847341,0.00413202467086204,0.00412824522940831,0.00412742803725992,0.00404867336518141,0.00395766619093157,0.0038627671548319,0.00376099855786076,0.00360735254681805,0.00346021470844697,0.00330026898689597,0
386,0.786565,1.41078,8.67319e-05,0.0332183177,0.0331619788082737,0.0331619788082737,0.0331619788082737,0.0331619788082737,0.0330916997277667,0.0330714713900326,0.0329714197810324,0.0328880182056049,0.0327970046545832,0.0327426704202479,0.0327127216624961,0.0327062461316568,0.0320821844482634,0.0313610324344932,0.0306090408299603,0.0298026139823051,0.0285851041410805,0.0274191658585467,0.0261517363383884,0
365,0.438849,1.12942,3.45118e-05,0.0132180194,0.0131956013904386,0.0131956013904386,0.0131956013904386,0.0131956013904386,0.0131676363905868,0.013159587260495,0.0131197753675295,0.0130865887488709,0.0130503732218255,0.013028752892644,0.0130168358755168,0.01301425917392,0.0127659365613065,0.0124789803886775,0.0121797527243774,0.0118588645381286,0.0113744008501617,0.0109104581852466,0.0104061307796,0
395,0.122228,9.66344,4.60418e-05,0.0176340094,0.0176041017883244,0.0176041017883244,0.0176041017883244,0.0176041017883244,0.0175667939999688,0.0175560557470274,0.0175029431532612,0.0174586692626222,0.0174103545397413,0.0173815111043915,0.0173656127473319,0.0173621751990273,0.0170308908248298,0.0166480658574578,0.0162488696325673,0.0158207763516134,0.0151744588535798,0.0145555182190871,0.0138827007611365,0
360,0.258216,14.485,7.30752e-05,0.0279878016,0.0279403337619764,0.0279403337619764,0.0279403337619764,0.0279403337619764,0.0278811207404254,0.027864077532268,0.0277797799285257,0.0277095106642218,0.0276328279967878,0.0275870491652287,0.0275618161026247,0.0275563602010339,0.0270305625149886,0.0264229622244765,0.0257893783078373,0.0251099304555734,0.0240841282403624,0.0231017771886293,0.0220339155867103,0
1520,0.338238,27.9169,7.6054e-06,0.0029128682,0.00290792792073556,0.00290792792073556,0.00290792792073556,0.00290792792073556,0.00290176524565422,0.00289999145077825,0.00289121806397259,0.00288390469551465,0.00287592384347589,0.0028711593498373,0.00286853318481375,0.00286796535449705,0.00281324225115353,0.00275000543141906,0.00268406433075005,0.00261334987912202,0.00250658813002567,0.00240434861937293,0.00229320948287746,0
1475,0.11919,3.44246,1.72826e-05,0.0066192358,0.00660800945156132,0.00660800945156132,0.00660800945156132,0.00660800945156132,0.00659400531655713,0.00658997452431433,0.00657003777742296,0.00655341879331811,0.00653528301170964,0.00652445612058512,0.00651848839243986,0.00651719804818034,0.00639284462747337,0.00624914453796552,0.00609929920880174,0.00593860686103482,0.0056960002124782,0.00546366995150481,0.00521111607657426,0
1502,0.275733,5.81807,1.61043e-05,0.0061679469,0.00615748594602542,0.00615748594602542,0.00615748594602542,0.00615748594602542,0.00614443659052637,0.00614068061124572,0.00612210311984034,0.00610661719146615,0.00608971787841387,0.00607962914739327,0.00607406828939912,0.00607286591874548,0.00595699071518286,0.00582308786772581,0.00568345875321456,0.00553372215246335,0.00530765603681232,0.00509116568109074,0.00485583052503529,0
1365,0.129923,5.42551,1.94919e-05,0.0074653977,0.00745273624506081,0.00745273624506081,0.00745273624506081,0.00745273624506081,0.00743694190861328,0.0074323958449818,0.00740991050847388,0.00739116705689406,0.00737071290985981,0.00735850197637121,0.0073517713710089,0.00735031607717162,0.00721006608926018,0.00704799627484117,0.00687899565158267,0.00669776139438537,0.00642414142210106,0.00616211150681822,0.00587727271666172,0
1350,0.552366,27.6427,4.5434e-06,0.0017401222,0.00173717092001341,0.00173717092001341,0.00173717092001341,0.00173717092001341,0.00173348939136737,0.00173242974169221,0.0017271885965042,0.00172281965361471,0.00171805196182297,0.0017152056946447,0.00171363684643579,0.00171329762952927,0.00168060652219356,0.00164282939452354,0.00160343675287687,0.00156119255276553,0.00149741400977709,0.00143633701281445,0.0013699434565579,0
439,0.197154,2.08901,3.83532e-05,0.0146892756,0.0146643623122459,0.0146643623122459,0.0146643623122459,0.0146643623122459,0.0146332846161445,0.0146243395626776,0.0145800963330204,0.0145432158161323,0.0145029692525836,0.0144789424325058,0.014465698969653,0.0144628354634991,0.014186872841263,0.0138679764788573,0.0135354427236073,0.0131788374817817,0.0126404496631999,0.0121248669982557,0.0115644044940037,0
436,0.136739,7.10955,3.7655e-05,0.014421865,0.0143974052456541,0.0143974052456541,0.0143974052456541,0.0143974052456541,0.0143668933027993,0.0143581110893648,0.0143146732846251,0.0142784641583091,0.0142389502624563,0.014215360838105,0.0142023584655852,0.0141995470880672,0.0139286082214198,0.0136155172009473,0.0132890370492536,0.0129389236198411,0.0124103368706599,0.01190414011919,0.0113538805424765,0
313,0.234876,13.7162,1.36081e-05,0.0052119023,0.00520306281565225,0.00520306281565225,0.00520306281565225,0.00520306281565225,0.00519203613740068,0.00518886234272168,0.00517316440112885,0.00516007882386633,0.00514579893949093,0.005137273982765,0.00513257506932758,0.00513155906862642,0.00503364476265841,0.00492049713510054,0.00480251082379359,0.00467598370763936,0.00448495831017466,0.00430202440993095,0.00410316669260587,0
324,0.592285,40.0951,4.4673e-06,0.0017109759,0.00170807405268651,0.00170807405268651,0.00170807405268651,0.00170807405268651,0.0017044541880652,0.0017034122870673,0.00169825892881173,0.00169396316384051,0.00168927532884002,0.00168647673541538,0.00168493416474064,0.00168460062957171,0.00165245708425305,0.00161531270725778,0.00157657987545161,0.00153504324756118,0.00147233296779442,0.00141227898431703,0.00134699749163206,0
330,0.0393089,3.44654,0.00019811,0.07587613,0.0757474426561288,0.0757474426561288,0.0757474426561288,0.0757474426561288,0.0755869136161881,0.0755407087482156,0.0753121743305558,0.0751216713425208,0.0749137813436518,0.0747896729687152,0.0747212650542314,0.0747064738711193,0.0732810138028276,0.0716337833668747,0.0699161102065495,0.0680740979505172,0.0652931041680103,0.0626299083524827,0.0597348897694865,0
511,0.0687744,0.452324,3.48413e-05,0.0133442179,0.0133215858554085,0.0133215858554085,0.0133215858554085,0.0133215858554085,0.0132933538608636,0.0132852278820312,0.0132450358866448,0.0132115324201008,0.0131749711267911,0.0131531443784004,0.0131411135840391,0.0131385122814892,0.0128878188188807,0.0125981229439215,0.0122960384157259,0.0119720865626337,0.011482997477406,0.011014625338859,0.0105054828879189,0
513,0.798476,0.0944436,0.0002297,0.0879751,0.0878258925754015,0.0878258925754015,0.0878258925754015,0.0878258925754015,0.0876397660776256,0.0875861935261477,0.0873212177261555,0.0871003377284187,0.0868592982415669,0.0867153999339453,0.0866360839077127,0.0866189341688764,0.0849661747034955,0.0830562820623448,0.0810647141206624,0.0789289803605765,0.0757045380212608,0.0726166773437246,0.069260028166428,0
572,0.131096,3.27763,6.8049e-06,0.0026062767,0.0026018564056872,0.0026018564056872,0.0026018564056872,0.0026018564056872,0.00259634237780424,0.00259475528222065,0.00258690533088688,0.00258036172489385,0.00257322089074462,0.002568957879889,0.00256660812966301,0.00256610006585018,0.00251713679686468,0.00246055591556835,0.00240155539015976,0.00233828392884496,0.00224275929813181,0.00215128092144672,0.00205183964157477,0
556,0.348503,27.3658,8.8201e-06,0.0033780983,0.003372368981734,0.003372368981734,0.003372368981734,0.003372368981734,0.00336522203213437,0.0033631649347844,0.00335299030242257,0.00334450887591827,0.00333525335838243,0.0033297279014253,0.00332668229723299,0.00332602377563303,0.00326256054637484,0.00318922382855066,0.00311275091430411,0.00303074227112895,0.00290692901959653,0.00278836027792506,0.00265947050252813,0
649,0.0786244,6.56134,5.56e-07,0.000212948,0.000212586836185996,0.000212586836185996,0.000212586836185996,0.000212586836185996,0.000212136307963256,0.000212006633001907,0.000211365246215683,0.000210830595459298,0.000210247147680937,0.000209898834842288,0.000209706846550667,0.000209665334775339,0.000205664750261835,0.000201041762414731,0.000196221075538042,0.000191051428299872,0.000183246509098045,0.000175772192438445,0.000167647260167758,0
657,0.813938,16.2109,2.89169e-05,0.0110751727,0.0110563889987533,0.0110563889987533,0.0110563889987533,0.0110563889987533,0.0110329575606883,0.0110262133198792,0.0109928555544861,0.0109650490033039,0.0109347045769332,0.01091658923966,0.0109066041565126,0.0109044451783543,0.0106963795267023,0.0104559434164938,0.0102052252144353,0.00993635799820964,0.0095304334153548,0.00914170307827927,0.00871913499558459,0
953,0.290475,26.8993,1.17517e-05,0.0045009011,0.00449326748706289,0.00449326748706289,0.00449326748706289,0.00449326748706289,0.00448374505448164,0.0044810042249074,0.00446744777689361,0.00445614731773208,0.00444381547734184,0.00443645348456136,0.00443239559102424,0.00443151819186933,0.00434696123318706,0.00424924906361366,0.00414735829748275,0.00403809185243094,0.00387312590102068,0.00371514761489006,0.00354341781890906,0
1039,0.169152,7.75885,1.713e-06,0.000656079,0.00065496627767376,0.00065496627767376,0.00065496627767376,0.00065496627767376,0.00065357822939039,0.000653178709230697,0.000651202638070981,0.000649555413708234,0.000647757848880296,0.000646684719577049,0.000646093216081462,0.000645965320989488,0.000633639779134035,0.000619396652907256,0.000604544428770983,0.00058861708035554,0.000564570629649194,0.000541542743969527,0.00051651035371829,0
894,0.387631,0.418272,0.000105016,0.040221128,0.0401529122102672,0.0401529122102672,0.0401529122102672,0.0401529122102672,0.0400678174767433,0.0400433247685761,0.039922181108968,0.0398211975049527,0.0397109972317649,0.0396452087046722,0.0396089463981383,0.0396011057495809,0.0388454845566491,0.0379723052549377,0.037061785015653,0.0360853539466535,0.0346111787759718,0.0331994470523665,0.0316648285499591,0
864,0.279687,8.87402,2.20698e-05,0.0084527334,0.00843839740513973,0.00843839740513973,0.00843839740513973,0.00843839740513973,0.00842051418972565,0.0084153668867365,0.00838990775347282,0.00836868538789141,0.00834552607893658,0.00833170018921282,0.0083240794280646,0.00832243166443304,0.00816363292325296,0.0079801285757925,0.00778877678580843,0.00758357340340379,0.00727376583901446,0.00697708117388129,0.00665457104757263,0
818,0.718485,15.7096,2.21467e-05,0.0084821861,0.00846780015280646,0.00846780015280646,0.00846780015280646,0.00846780015280646,0.00844985462512561,0.00844468938687652,0.00841914154382171,0.00839784523104036,0.00837460522580109,0.00836073116115414,0.00835308384622961,0.00835143034113128,0.00819207828169745,0.00800793453178116,0.00781591599571648,0.00760999760274958,0.007299110545039,0.00700139211200812,0.00667775823157784,0
1576,0.302587,4.29813,2.91783e-05,0.0111752889,0.0111563353997947,0.0111563353997947,0.0111563353997947,0.0111563353997947,0.0111326921486408,0.0111258869419416,0.0110922276324731,0.0110641697185073,0.0110335509877314,0.0110152718933071,0.0110051965480384,0.0110030180533728,0.0107930715513757,0.010550461971701,0.0102974773531864,0.0100261796589247,0.00961658564103507,0.00922434129968829,0.00879795332977138,0
1461,0.264726,19.9625,1.08019e-05,0.0041371277,0.00413011105359264,0.00413011105359264,0.00413011105359264,0.00413011105359264,0.00412135824638182,0.00411883893709227,0.0041063781530525,0.00409599102354639,0.00408465587146531,0.00407788889223545,0.00407415896718643,0.00407335248149232,0.0039956296148441,0.00390581477235195,0.00381215905729205,0.00371172378300789,0.00356009076731327,0.00341488065737561,0.00325703046691745,0
1563,0.475877,0.387035,4.32659e-05,0.0165708397,0.0165427352441361,0.0165427352441361,0.0165427352441361,0.0165427352441361,0.0165076767746536,0.0164975859402828,0.016447675550797,0.0164060709713713,0.0163606691849796,0.0163335647453291,0.0163186249139865,0.0163153946184466,0.0160040836661035,0.015644339547589,0.0152692112088514,0.0148669280425889,0.0142595775863042,0.0136779534187456,0.0130457007080795,0
1505,0.919985,0.154062,0.000241801,0.092609783,0.0924527150658453,0.0924527150658453,0.0924527150658453,0.0924527150658453,0.0922567830968043,0.0922003882490903,0.0919214530579108,0.0916889367134061,0.0914351988424428,0.0912837197188851,0.0912002251848883,0.0911821719676469,0.0894423422267302,0.0874318330820942,0.0853353458384427,0.0830870978675131,0.079692786234562,0.0764422516255548,0.0729087682658705,0
1447,0.236005,16.5521,1.85125e-05,0.0070902875,0.00707826223901663,0.00707826223901663,0.00707826223901663,0.00707826223901663,0.00706326151289527,0.00705894387310757,0.00703758834634503,0.00701978668784219,0.00700036029036573,0.00698876291370118,0.00698237049778638,0.00698098832738931,0.00684778541227018,0.00669385904083221,0.00653335010952879,0.00636122224172909,0.00610135071884454,0.00585248689301568,0.00558196025873312,0
1237,0.433459,4.40355,3.6149e-06,0.0013845067,0.00138215855059129,0.00138215855059129,0.00138215855059129,0.00138215855059129,0.00137922938787117,0.0013783862907169,0.00137421623839042,0.00137074014303205,0.00136694678804284,0.00136468219077588,0.00136343395610793,0.00136316406237297,0.0013371537872689,0.00130709688300901,0.00127575461504041,0.00124214353985828,0.0011913989311844,0.00114280377418298,0.00108997856255473,0
1376,0.891204,53.5645,8.1525e-06,0.0031224075,0.00311711183814088,0.00311711183814088,0.00311711183814088,0.00311711183814088,0.00311050584652957,0.00310860445242455,0.00309919994563554,0.00309136048467973,0.00308280552422453,0.00307769829325855,0.00307488321313726,0.00307427453553228,0.00301561488580865,0.00294782907929154,0.00287714445741707,0.00280134311009839,0.00268690137665794,0.00257730719218422,0.00245817318078713,0
360,0.552491,14.3842,8.78432e-05,0.0336439456,0.0335868848353483,0.0335868848353483,0.0335868848353483,0.0335868848353483,0.0335157052656077,0.0334952177412107,0.0333938841661394,0.0333094139623206,0.0332172342502987,0.0331622038288095,0.0331318713361863,0.0331253128340594,0.0324932550183461,0.0317628628491901,0.031001235940114,0.0301844763065311,0.02895136645324,0.0277704889474979,0.0264868197920295,0
365,0.646597,0.648969,9.439e-06,0.003615137,0.00360900565963959,0.00360900565963959,0.00360900565963959,0.00360900565963959,0.00360135721378628,0.00359915577141188,0.0035882671924997,0.0035791906304682,0.00356928566000065,0.00356337248574884,0.00356011317372617,0.00355940844414464,0.00349149204626162,0.00341300934430332,0.0033311703813014,0.00324340725129944,0.00311090611398642,0.00298401748997569,0.00284608361281199,0
493,0.211462,19.4672,7.8314e-06,0.0029994262,0.00299433911673922,0.00299433911673922,0.00299433911673922,0.00299433911673922,0.00298799331327957,0.00298616680879701,0.00297713271441277,0.0029696020238848,0.00296138401501527,0.00295647794097823,0.00295377373754837,0.00295318903374027,0.00289683979352614,0.00283172384563799,0.00276382325713781,0.00269100747407844,0.0025810732218533,0.00247579558968065,0.00236135387280176,0
528,0.427408,49.6291,3.1411e-06,0.0012030413,0.00120100091932344,0.00120100091932344,0.00120100091932344,0.00120100091932344,0.00119845567795572,0.00119772308439261,0.00119409959512245,0.0011910791068295,0.00118778294169171,0.00118581516209193,0.00118473053183507,0.00118449601270291,0.00116189486879038,0.00113577748187214,0.00110854320210889,0.00107933748459124,0.00103524390238826,0.000993018046166187,0.000947116562793065,0
556,0.670782,1.51991,9.85772e-05,0.0377550676,0.0376910342950974,0.0376910342950974,0.0376910342950974,0.0376910342950974,0.0376111569376897,0.037588165940208,0.0374744499087278,0.0373796578681841,0.037276214256067,0.0372144593921137,0.0371804204204936,0.0371730605021862,0.0364637683804154,0.035644125938686,0.0347894320279293,0.0338728684492844,0.0324890787349997,0.0311639039000775,0.0297233767895847,0
581,0.20735,0.577619,7.06757e-05,0.0270687931,0.0270228839176809,0.0270228839176809,0.0270228839176809,0.0270228839176809,0.0269656152171199,0.0269491316403829,0.0268676020359097,0.0267996401357963,0.0267254754232978,0.0266811997871639,0.0266567952783471,0.026651518526945,0.026142985953382,0.0255553368487317,0.0249425573172734,0.0242854198400958,0.0232933009047855,0.0223432063689241,0.0213104091105007,0
546,0.918616,1.50548,5.42112e-05,0.0207628896,0.0207276753486443,0.0207276753486443,0.0207276753486443,0.0207276753486443,0.0206837478745641,0.0206711042859586,0.0206085676900138,0.0205564380873437,0.0204995506697137,0.0204655894161911,0.0204468701433948,0.0204428226557066,0.0200527570312849,0.0196020057385206,0.0191319783636833,0.0186279266004497,0.0178669301331222,0.0171381681271925,0.0163459696949755,0
1183,0.161262,11.6395,2.83736e-05,0.0108670888,0.0108486580129622,0.0108486580129622,0.0108486580129622,0.0108486580129622,0.0108256668122774,0.0108190492844297,0.0107863182554412,0.010759034142669,0.010729259837122,0.0107114848566208,0.0107016873764209,0.0106995689618373,0.010495412514441,0.0102594937950551,0.0100134861670615,0.0097496705144051,0.0093513725729214,0.00896994582620768,0.00855531708830196,0
1302,0.301884,7.1201,6.3278e-06,0.0024235474,0.00241943701801753,0.00241943701801753,0.00241943701801753,0.00241943701801753,0.00241430958548541,0.00241283376314653,0.00240553418166115,0.00239944935602041,0.00239280917463207,0.00238884504876804,0.002386660042452,0.0023861875996248,0.00234065720630727,0.00228804328094952,0.00223317935573673,0.00217434393524447,0.00208551665516297,0.00200045194120862,0.00190798261311068,0
1219,0.0713564,1.81602,2.7751e-06,0.0010628633,0.00106106066384848,0.00106106066384848,0.00106106066384848,0.00106106066384848,0.00105881199321732,0.00105816476122948,0.00105496347980781,0.00105229493787608,0.00104938284088016,0.00104764434635042,0.00104668609687546,0.00104647890384,0.00102651123822234,0.0010034370411459,0.000979376091233132,0.000953573414883047,0.000914617603233787,0.000877311890712103,0.000836758833977598,0
1168,0.68519,53.6288,1.56319e-05,0.0059870177,0.00597686360535228,0.00597686360535228,0.00597686360535228,0.00597686360535228,0.00596419703678204,0.00596055123457287,0.00594251869122111,0.00592748702366943,0.00591108343135546,0.00590129064095533,0.00589589290394852,0.00589472580337161,0.0057822496575863,0.00565227468685402,0.00551674142212792,0.00537139716194382,0.00515196242008945,0.00494182254492542,0.00471339065866254,0
1206,0.886177,61.7969,8.4964e-06,0.0032541212,0.00324860214922787,0.00324860214922787,0.00324860214922787,0.00324860214922787,0.00324171749456656,0.00323973589323274,0.00322993467256642,0.00322176451665536,0.00321284867905811,0.00320752600783096,0.00320459217811707,0.00320395782443379,0.00314282371245442,0.0030721784715477,0.0029985121334558,0.00291951322914933,0.00280024395665581,0.00268602671912591,0.00256186723253478,0
338,0.617195,20.7745,0.000120108,0.046001364,0.0459233448212726,0.0459233448212726,0.0459233448212726,0.0459233448212726,0.0458260210015301,0.0457980084111387,0.045659455022434,0.0455439589198299,0.0454179216073057,0.0453426785166143,0.045301204901992,0.0452922374625834,0.044428024864116,0.0434293597124254,0.042387987303459,0.0412712319248939,0.0395852009258058,0.0379705872111453,0.0362154264824264,0
318,0.585196,0.315843,0.000163513,0.062625479,0.0625192650094977,0.0625192650094977,0.0625192650094977,0.0625192650094977,0.0623867700071868,0.0623486341403613,0.0621600099001169,0.0620027754592379,0.0618311903934407,0.0617287557222429,0.0616722942446749,0.0616600861243165,0.0604835617078479,0.0591239958592085,0.0577062890727552,0.0561859571863254,0.0538906230973897,0.0516925152917041,0.0493030691579327,0
393,0.0246187,0.169032,0.000118445,0.045364435,0.0452874960648386,0.0452874960648386,0.0452874960648386,0.0452874960648386,0.0451915197782515,0.0451638950466024,0.0450272600503896,0.0449133630920442,0.0447890708760226,0.0447148695915374,0.0446739702152766,0.0446651269378867,0.0438128801164803,0.0428280423546993,0.0418010886548623,0.0406997957283783,0.0390371092987734,0.0374448513190138,0.0357139923211692,0
384,0.210054,15.76,8.4479e-06,0.0032355457,0.00323005815362531,0.00323005815362531,0.00323005815362531,0.00323005815362531,0.00322321279863811,0.00322124250887916,0.00321149723652063,0.00320337371831044,0.00319450877498882,0.00318921648716577,0.00318629940463198,0.00318566867202983,0.003124883531901,0.00305464155522195,0.00298139572668674,0.00290284777182462,0.00278425932411759,0.00267069407284306,0.00254724332584748,0
552,0.0638627,1.39377,4.88776e-05,0.0187201208,0.018688371122958,0.018688371122958,0.018688371122958,0.018688371122958,0.0186487654786058,0.0186373658367159,0.0185809819396253,0.0185339811378083,0.0184826906213845,0.0184520706652651,0.0184351930988577,0.0184315438255667,0.0180798550312911,0.0176734511629537,0.017249667700932,0.0167952073594781,0.0161090819659903,0.0154520196279305,0.0147377620927619,0
569,0.130367,4.93107,2.35279e-05,0.0090111857,0.00899590255953326,0.00899590255953326,0.00899590255953326,0.00899590255953326,0.00897683784195807,0.00897135046871507,0.00894420931014024,0.00892158483256623,0.00889689544230632,0.00888215610842782,0.00887403186143785,0.00887227523392211,0.00870298503180833,0.00850735698186609,0.00830336302725091,0.00808460233794344,0.00775432651332356,0.00743804058718075,0.00709422297212408,0
1516,0.084788,0.644455,2.92605e-05,0.0112067715,0.0111877646047128,0.0111877646047128,0.0111877646047128,0.0111877646047128,0.0111640547466886,0.0111572303686193,0.0111234762354209,0.011095339277764,0.0110646342890612,0.0110463036994654,0.0110361999703162,0.0110340153384781,0.010823477383159,0.0105801843329788,0.010326487015793,0.0100544250319575,0.00964367712133697,0.00925032776410994,0.00882273859017747,0
1444,0.181578,17.8284,3.6793e-06,0.0014091719,0.00140678191794808,0.00140678191794808,0.00140678191794808,0.00140678191794808,0.00140380057174318,0.00140294245468331,0.00139869811223267,0.00139516008970035,0.00139129915550804,0.00138899421409214,0.00138772374193142,0.00138744903999803,0.00136097538783879,0.00133038301520237,0.00129848237990489,0.0012642725182441,0.00121262388655475,0.00116316299935031,0.00110939669844466,0
971,0.846015,23.1353,5.7604e-06,0.0022062332,0.00220249138698887,0.00220249138698887,0.00220249138698887,0.00220249138698887,0.00219782372012867,0.00219648023155429,0.00218983518759141,0.00218429597497076,0.00217825120413897,0.0021746425327797,0.00217265345120587,0.00217222337129471,0.0021307755888638,0.00208287943923348,0.00203293504231895,0.0019793752654291,0.00189851293346831,0.00182107578655111,0.00173689798106178,0
1029,0.248492,7.22842,1.2818e-05,0.004909294,0.00490096774502175,0.00490096774502175,0.00490096774502175,0.00490096774502175,0.00489058128682196,0.00488759176586052,0.00487280526257667,0.00486047944711742,0.00484702866721987,0.00483899867807275,0.00483457258828499,0.00483361557760844,0.00474138627492123,0.00463480811264752,0.00452367220547954,0.004404491381201,0.00422455711082508,0.00405224453718703,0.00386493269933511,0
