"Population","shapeRisk","v_to_h","aImp","aImp_2000","aImp_2001","aImp_2002","aImp_2003","aImp_2004","aImp_2005","aImp_2006","aImp_2007","aImp_2008","aImp_2009","aImp_2010","aImp_2011","aImp_2012","aImp_2013","aImp_2014","aImp_2015","aImp_2016","aImp_2017","aImp_2018","aImp_2019","aImp_2020"
362,0.77053,19.8216,0.000146515,0.056115245,0.0560200724888331,0.0560200724888331,0.0560200724888331,0.0560200724888331,0.055901351009418,0.0558671795580476,0.0556981637577173,0.0555572746289912,0.0554035266950944,0.0553117406239529,0.0552611486013867,0.0552502095766345,0.0541959907996633,0.0529777586694142,0.0517074296447055,0.0503451439161074,0.048288421367806,0.0463188179408612,0.0441777667688472,0
324,0.0512398,4.18098,5.97446e-05,0.0228821818,0.0228433731892048,0.0228433731892048,0.0228433731892048,0.0228433731892048,0.0227949619869452,0.0227810278526003,0.0227121080738444,0.0226546575422259,0.0225919635599613,0.0225545358419399,0.0225339058712788,0.0225294452518322,0.0220995651771461,0.0216028051776315,0.021084801564011,0.0205293006532455,0.0196906283947106,0.0188874808063992,0.0180144217622637,0
355,0.728354,25.075,2.37278e-05,0.0090877474,0.00907233440944977,0.00907233440944977,0.00907233440944977,0.00907233440944977,0.00905310771239306,0.00904757371680334,0.00902020195891455,0.00899738525708478,0.00897248609845995,0.00895762153483965,0.00894942826184339,0.00894765670950051,0.0087769281677388,0.00857963800400046,0.0083739108563877,0.00815329151153542,0.00782020956578525,0.00750123638082903,0.00715449758958367,0
334,0.90422,41.7389,0.000106894,0.040940402,0.0408709663080321,0.0408709663080321,0.0408709663080321,0.0408709663080321,0.0407843498263026,0.0407594191152984,0.0406361090449267,0.0405333195522055,0.0404211485687159,0.0403541835460999,0.0403172727611278,0.0403092918983364,0.0395401579397277,0.0386513635819429,0.0377245605189991,0.0367306679436807,0.0352301301142562,0.0337931524074014,0.0322310903387991,0
353,0.731954,46.0765,0.000156274,0.059852942,0.059751430284407,0.059751430284407,0.059751430284407,0.059751430284407,0.0596248010623198,0.0595883535355037,0.0594080800127872,0.059257806609364,0.0590938179077171,0.0589959181945031,0.0589419563630557,0.0589302887170527,0.0578058510475144,0.0565064755028771,0.0551515330191223,0.0536985088239823,0.0515047930985395,0.0494039992826,0.0471203380134104,0
370,0.320941,31.0478,2.60447e-05,0.0099751201,0.0099582021086572,0.0099582021086572,0.0099582021086572,0.0099582021086572,0.00993709802160181,0.0099310236592532,0.00990097918725469,0.00987593454956616,0.00984860411367931,0.00983228810039018,0.00982329479560821,0.00982135026011379,0.0096339509373101,0.00941739638410601,0.00919158101810369,0.00894941930690948,0.00858381358903932,0.0082336942812978,0.00785309819584748,0
341,0.870783,28.4655,4.33129e-05,0.0165888407,0.0165607057141015,0.0165607057141015,0.0165607057141015,0.0165607057141015,0.0165256091603987,0.0165155073642955,0.016465542756862,0.0164238929821386,0.016378441875521,0.0163513079921592,0.0163363519315906,0.0163331181269618,0.0160214689957119,0.0156613340850594,0.0152857982422152,0.0148830780733984,0.0142750678487639,0.0136928118594733,0.0130598723289929,0
364,0.108848,14.9697,5.00922e-05,0.0191853126,0.0191527739489139,0.0191527739489139,0.0191527739489139,0.0191527739489139,0.0191121841110737,0.0191005011900326,0.0190427161627433,0.01899454739904,0.0189419823220558,0.0189106014652641,0.0188933044942182,0.0188895645371101,0.0185291363364495,0.0181126334014949,0.0176783189929258,0.0172125653897173,0.0165093898975559,0.0158359996727789,0.0151039929600276,0
368,0.215745,9.93344,3.81111e-05,0.0145965513,0.0145717952744031,0.0145717952744031,0.0145717952744031,0.0145717952744031,0.0145409137525511,0.0145320251636673,0.0144880612141197,0.0144514135010951,0.014411420989178,0.0143875458355358,0.0143743859704625,0.0143715405398497,0.0140973198987479,0.01378043653159,0.0134500018560034,0.0130956476422289,0.0125606583325297,0.0120483302216562,0.0114914055701069,0
366,0.122096,4.01684,0.00013686,0.05241738,0.0523284791374377,0.0523284791374377,0.0523284791374377,0.0523284791374377,0.0522175811292287,0.0521856614975558,0.0520277834479827,0.0518961785873373,0.0517525622870738,0.0516668247059632,0.0516195665807991,0.0516093484125051,0.0506246002173287,0.0494866467699282,0.0483000294930512,0.0470275152466195,0.0451063259625153,0.0432665148509453,0.0412665540046031,0
360,0.153082,0.923888,0.000154915,0.059332445,0.0592318160571107,0.0592318160571107,0.0592318160571107,0.0592318160571107,0.059106288036201,0.0590701574667095,0.0588914516501845,0.0587424850639878,0.0585799224514251,0.0584828740999875,0.058429381534886,0.0584178153538158,0.0573031560913888,0.0560150802598526,0.0546719207139853,0.0532315324012134,0.0510568938074167,0.0489743690496434,0.0467105671023169,0
356,0.26994,14.5027,2.1759e-05,0.008333697,0.00831956289311346,0.00831956289311346,0.00831956289311346,0.00831956289311346,0.00830193151973468,0.00829685670411601,0.00827175610145153,0.00825083260179653,0.00822799943595235,0.00821436825059954,0.00820685480952512,0.00820523025067733,0.00804866780745912,0.00786774767694628,0.00767909061624507,0.00747677702945487,0.00717133235874886,0.00687882578285635,0.00656085743523425,0
368,0.576998,3.70445,0.000100428,0.038463924,0.0383986884613079,0.0383986884613079,0.0383986884613079,0.0383986884613079,0.0383173113959242,0.0382938887394165,0.0381780376743681,0.038081465900695,0.0379760801210452,0.0379131658013333,0.0378784877435079,0.0378709896417585,0.0371483804663589,0.0363133491291126,0.0354426082268606,0.0345088360455027,0.0330990654958606,0.0317490103277125,0.0302814371297259,0
364,0.442773,3.87845,2.06439e-05,0.0079066137,0.0078932039344246,0.0078932039344246,0.0078932039344246,0.0078932039344246,0.00787647612942924,0.00787166138674115,0.00784784713372652,0.00782799591655074,0.00780633289929945,0.00779340028165596,0.00778627188760309,0.0077847305837565,0.00763619161498255,0.00746454323581558,0.00728555442679819,0.00709360895805705,0.00680381764239054,0.0065263013731655,0.00622462819096614,0
386,0.49357,23.6757,0.000161553,0.061874799,0.0617698581768996,0.0617698581768996,0.0617698581768996,0.0617698581768996,0.061638951367604,0.0616012726283402,0.0614149093918746,0.061259559691072,0.0610900313836302,0.0609888245778348,0.0609330398935251,0.0609209781096408,0.0597585564731119,0.0584152874881061,0.0570145744899233,0.0555124665398006,0.0532446461948139,0.0510728866996549,0.0487120824134564,0
372,0.361042,9.8773,4.67116e-05,0.0178905428,0.0178602001028521,0.0178602001028521,0.0178602001028521,0.0178602001028521,0.0178223495738425,0.0178114551045538,0.0177575698473534,0.0177126518756413,0.0176636342870735,0.0176343712475162,0.0176182416067197,0.017614754050165,0.0172786502667819,0.0168902560957049,0.016485252503782,0.0160509314715329,0.0153952115726336,0.0147672668063088,0.0140846614353457,0
376,0.214623,11.7076,0.000158948,0.060877084,0.0607738353203088,0.0607738353203088,0.0607738353203088,0.0607738353203088,0.0606450393491791,0.0606079681697611,0.0604246099918893,0.0602717652645046,0.0601049705568157,0.0600053956843741,0.059950510513553,0.0599386432227887,0.0587949653320471,0.0574733562091666,0.0560952293428431,0.054617342491741,0.0523860901584822,0.0502493497188957,0.0479266127862316,0
348,0.234297,6.84652,0.000218817,0.083806911,0.083664772902358,0.083664772902358,0.083664772902358,0.083664772902358,0.0834874649273304,0.0834364305999611,0.0831840091388079,0.0829735942565059,0.0827439750253589,0.0826068945030305,0.0825313364058945,0.0825149992077973,0.0809405461475611,0.079121142673209,0.0772239336079277,0.0751893891839803,0.0721177183117032,0.0691761579726677,0.0659785441153386,0
298,0.305172,5.35886,0.000138827,0.053170741,0.0530805624230094,0.0530805624230094,0.0530805624230094,0.0530805624230094,0.0529680705496671,0.0529356921578342,0.0527755450294688,0.0526420486975324,0.0524963682933479,0.0524093984616013,0.0523614611260602,0.0523510960986618,0.0513521947564744,0.0501978862423559,0.0489942144851076,0.0477034112168818,0.0457546099254575,0.0438883564022519,0.0418596514160239,0
307,0.145862,1.50601,5.99216e-05,0.0229499728,0.0229110492143935,0.0229110492143935,0.0229110492143935,0.0229110492143935,0.022862494588581,0.0228485191728185,0.0227793952115786,0.0227217744763919,0.0226588947562554,0.0226213561544706,0.0226006650652346,0.0225961912307085,0.0221650375886503,0.0216668058825729,0.021147267625828,0.0205901209820388,0.0197489640639738,0.0189434370619056,0.0180677914835761,0
299,0.220474,13.5361,0.000176477,0.067590691,0.0674760559165395,0.0674760559165395,0.0674760559165395,0.0674760559165395,0.0673330561518552,0.0672918967127295,0.0670883175474912,0.0669186168972492,0.0667334278440444,0.0666228717202562,0.0665619337387088,0.0665487577070997,0.0652789534747444,0.063811595513785,0.0622814869563437,0.0606406167483389,0.0581632988958557,0.0557909158362581,0.0532120243392543,0
311,0.323878,19.6691,9.27736e-05,0.0355322888,0.0354720253697574,0.0354720253697574,0.0354720253697574,0.0354720253697574,0.0353968506842804,0.0353752132508377,0.0352681920976894,0.0351789808109762,0.035081627302324,0.0350235081728858,0.0349914731999154,0.0349845465868945,0.034317013084337,0.033545625988416,0.0327412510315398,0.0318786489002176,0.0305763279432705,0.0293291709935384,0.0279734529782365,0
300,0.162274,7.23687,3.9134e-05,0.014988322,0.0149629015239258,0.0149629015239258,0.0149629015239258,0.0149629015239258,0.0149311911435864,0.0149220639854256,0.0148769200456916,0.0148392887098996,0.0147982228009816,0.014773706839421,0.0147601937642335,0.0147572719624067,0.0144756912531415,0.0141503027524066,0.0138109992268089,0.0134471341638259,0.0128977857680628,0.0123717067965578,0.0117998343154767,0
310,0.899241,5.8865,0.000164861,0.063141763,0.0630346733821213,0.0630346733821213,0.0630346733821213,0.0630346733821213,0.062901086091961,0.0628626358333228,0.0626724565761938,0.0625139258957111,0.0623409262838614,0.0622376471419685,0.0621807201963841,0.0621684114323689,0.0609821877570439,0.0596114136572931,0.058182019306254,0.0566491538146496,0.0543348970079368,0.0521186680172563,0.0497095233066848,0
293,0.280241,18.5714,0.000124076,0.047521108,0.047440511306859,0.047440511306859,0.047440511306859,0.047440511306859,0.0473399722065628,0.0473110341660875,0.0471679033983042,0.0470485916586473,0.04691839045982,0.0468406615681506,0.0467978177924831,0.0467885540963758,0.0458957905638264,0.0448641325780039,0.0437883564180902,0.0426347068664296,0.0408929745734696,0.0392250189730081,0.0374118731161416,0
306,0.318263,18.1971,6.79993e-05,0.0260437319,0.0259995612407597,0.0259995612407597,0.0259995612407597,0.0259995612407597,0.0259444612339673,0.0259286018695802,0.0258501596888383,0.0257847714205314,0.0257134152325545,0.0256708162591568,0.0256473359184403,0.0256422589909869,0.0251529839073374,0.0245875883362734,0.0239980139961043,0.0233657614899127,0.0224112128527171,0.0214970972037402,0.0205034106804414,0
288,0.24245,10.4473,6.3182e-05,0.024198706,0.0241576645393949,0.0241576645393949,0.0241576645393949,0.0241576645393949,0.0241064680031195,0.024091732169652,0.0240188470978405,0.0239580911552327,0.0238917900805341,0.02385220896224,0.0238303920481372,0.0238256747873659,0.0233710616025958,0.0228457205627474,0.0222979136594327,0.0217104520554721,0.0208235268666056,0.0199741702565573,0.0190508798415814,0
313,0.133887,6.30284,0.000152616,0.058451928,0.0583527924305071,0.0583527924305071,0.0583527924305071,0.0583527924305071,0.0582291272951803,0.0581935329176603,0.0580174791662819,0.0578707233032667,0.0577105731843055,0.0576149650688681,0.0575622663546342,0.0575508718202754,0.0564527545430939,0.0551837942674219,0.0538605677415717,0.052441555362254,0.0502991892670994,0.0482475700021327,0.0460173637729542,0
315,0.359335,19.7278,0.000138644,0.053100652,0.0530105922952719,0.0530105922952719,0.0530105922952719,0.0530105922952719,0.0528982487072979,0.0528659129962526,0.0527059769718115,0.0525726566130557,0.0524271682429421,0.0523403130537305,0.0522924389085804,0.0522820875442303,0.0512845029411904,0.0501317160219927,0.0489296309296697,0.0476405291820277,0.0456942967758802,0.0438305033245248,0.0418044725516162,0
284,0.6761,37.2656,7.03003e-05,0.0269250149,0.0268793495682129,0.0268793495682129,0.0268793495682129,0.0268793495682129,0.0268223850552325,0.0268059890324173,0.026724892479382,0.0266572915646894,0.026583520784378,0.0265394803220563,0.0265152054398667,0.026509956716379,0.0260041252568922,0.0254195975005113,0.0248100727997249,0.0241564257642257,0.0231695765531391,0.0222245285253245,0.0211972170575026,0
294,0.0822516,2.91717,0.000229346,0.087839518,0.0876905405250241,0.0876905405250241,0.0876905405250241,0.0876905405250241,0.0875047008743541,0.0874512108857113,0.0871866434506872,0.0869661038600868,0.0867254358489787,0.0865817593088838,0.086502565519801,0.0864854422111238,0.0848352298804871,0.082928280652462,0.0809397819970285,0.0788073397029899,0.0755878666827344,0.0725047648327116,0.0691532887238032,0
300,0.263951,28.5924,5.201e-05,0.01991983,0.0198860455935857,0.0198860455935857,0.0198860455935857,0.0198860455935857,0.0198439017574981,0.0198317715511317,0.0197717742008591,0.0197217612766872,0.0196671837246143,0.019634601439114,0.0196166422465831,0.0196127591037147,0.0192385317646008,0.0188060828474643,0.0183551405372906,0.0178715553702812,0.0171414585219233,0.0164422872818769,0.0156822553980667,0
310,0.384984,6.0301,0.000243784,0.093369272,0.0932109159582137,0.0932109159582137,0.0932109159582137,0.0932109159582137,0.0930133771591984,0.0929565198196709,0.0926752970925254,0.0924408738910964,0.092185055126348,0.0920323337287632,0.0919481544595465,0.0919299531886172,0.0901758551759554,0.0881488579289798,0.0860351774801548,0.0837684917206041,0.0803463434783415,0.0770691513694495,0.0735066900588789,0
298,0.239549,21.0665,9.22664e-05,0.0353380312,0.0352780972343014,0.0352780972343014,0.0352780972343014,0.0352780972343014,0.0352033335342823,0.0351818143942575,0.0350753783335157,0.0349866547713773,0.034889833501418,0.0348320321134757,0.0348001722780261,0.0347932835333009,0.0341293994848176,0.0333622296180981,0.0325622522374518,0.0317043660145455,0.0304091649407264,0.0291688262884938,0.0278205200819108,0
311,0.850567,20.4298,0.00012906,0.04942998,0.0493461458240371,0.0493461458240371,0.0493461458240371,0.0493461458240371,0.0492415681757874,0.0492114677252269,0.0490625875478347,0.0489384831834119,0.0488030519419095,0.0487222007639311,0.0486776359996926,0.0486680001908367,0.0477393753035835,0.046666276721664,0.0455472877858628,0.0443472973675925,0.0425356015543053,0.040800645964219,0.0389146679806669,0
316,0.165661,7.13095,7.57054e-05,0.0289951682,0.0289459918492721,0.0289459918492721,0.0289459918492721,0.0289459918492721,0.0288846475699307,0.028866990924573,0.0287796591921885,0.0287068607220942,0.0286274180108712,0.0285799914591175,0.0285538501813973,0.0285481979052175,0.0280034751519286,0.0273740054681874,0.0267176169281254,0.0260137136690883,0.0249509896940129,0.0239332808227149,0.0228269836149356,0
764,0.241164,10.8778,0.000189434,0.072553222,0.0724301703706078,0.0724301703706078,0.0724301703706078,0.0724301703706078,0.072276671515668,0.0722324901368405,0.0720139641216219,0.0718318039932315,0.0716330182981845,0.0715143451070396,0.0714489330386315,0.071434789618402,0.0700717559372311,0.0684966640670362,0.0668542144307078,0.0650928709866149,0.0624336676339553,0.0598871034215547,0.0571188688536313,0
726,0.401408,35.7867,2.24225e-05,0.0085878175,0.00857325239996491,0.00857325239996491,0.00857325239996491,0.00857325239996491,0.00855508339083831,0.00854985382821092,0.00852398782962439,0.00850242630698942,0.00847889688646728,0.00846485004361728,0.00845710749421284,0.00845543339748207,0.00829409687544244,0.00810765992400055,0.00791325011915783,0.00770476735801056,0.00739000872347288,0.00708858270674647,0.00676091850919344,0
674,0.848579,52.3501,4.36089e-05,0.0167022087,0.0166738814398408,0.0166738814398408,0.0166738814398408,0.0166738814398408,0.0166385450365806,0.0166283742048865,0.0165780681397394,0.0165361337308004,0.0164903720116964,0.0164630526956005,0.0164479944254378,0.0164447385210149,0.0161309595821823,0.0157683635125319,0.015390261260847,0.0149847889057307,0.014372623544255,0.0137863884223542,0.0131491233883628,0
696,0.784169,4.46478,0.000116016,0.044434128,0.0443587668830117,0.0443587668830117,0.0443587668830117,0.0443587668830117,0.0442647588213401,0.0442377006013476,0.0441038676348178,0.0439923064079244,0.0438705631031503,0.0437978834947174,0.043757822858673,0.0437491609339851,0.0429143914862897,0.0419497501947975,0.0409438566539955,0.0398651483914351,0.0382365593516526,0.0366769544567242,0.0349815908914075,0
724,0.289295,11.869,3.75347e-05,0.0143757901,0.0143514084895513,0.0143514084895513,0.0143514084895513,0.0143514084895513,0.0143209940260943,0.01431223987003,0.0142689408401651,0.0142328473945794,0.0141934597375174,0.0141699456765375,0.0141569848439304,0.0141541824481869,0.0138841091756347,0.0135720184167414,0.0132465813021542,0.0128975864133223,0.012370688390364,0.0118661088336678,0.011317607223415,0
705,0.694739,20.4962,0.000116804,0.044735932,0.0446600590177501,0.0446600590177501,0.0446600590177501,0.0446600590177501,0.0445654124376621,0.0445381704337316,0.0444034284513969,0.0442911094820645,0.0441685392764823,0.0440953660160407,0.0440550332814823,0.0440463125235587,0.0432058731827039,0.0422346798868529,0.0412219541495423,0.0401359191207522,0.0384962684328922,0.0369260704416909,0.0352191916845949,0
743,0.0547643,3.37022,0.00014617,0.05598311,0.0558881615922788,0.0558881615922788,0.0558881615922788,0.0558881615922788,0.0557697196672466,0.0557356286796561,0.0555670108621339,0.0554264534861252,0.0552730675836736,0.0551814976419015,0.0551310247487609,0.0551201114822145,0.0540683750823245,0.0528530115326641,0.051585673761503,0.050226595817612,0.0481747162497505,0.046209750663179,0.0440737410408654,0
708,0.956251,30.1599,0.000132795,0.050860485,0.0507742246606463,0.0507742246606463,0.0507742246606463,0.0507742246606463,0.0506666205323391,0.0506356489738998,0.050482460200021,0.0503547642518301,0.0502154136264209,0.0501322226130965,0.0500863681433379,0.0500764534739049,0.0491209541565115,0.0480168000716982,0.0468654275648819,0.0456307093904343,0.0437665830497751,0.0419814177965168,0.0400408595575133,0
641,0.100693,1.2335,0.000206277,0.079004091,0.0788700985754292,0.0788700985754292,0.0788700985754292,0.0788700985754292,0.0787029517944901,0.0786548421506015,0.078416886499339,0.0782185301071181,0.0780020699319795,0.0778728452423789,0.0778016172408849,0.0777862162975765,0.0763019922477708,0.0745868554417688,0.0727983719402172,0.0708804235169292,0.0679847844554272,0.0652117995316999,0.0621974350460874,0
713,0.321979,20.9125,8.59654e-05,0.0329247482,0.0328689072076684,0.0328689072076684,0.0328689072076684,0.0328689072076684,0.0327992492240728,0.0327791996558672,0.0326800322608448,0.0325973677534114,0.032507158541818,0.0324533044905598,0.0324236204073143,0.032417202104489,0.0317986556153934,0.0310838768393657,0.0303385310198885,0.0295392310330392,0.028332481030966,0.0271768468198704,0.0259206183079593,0
714,0.34715,13.0423,7.62844e-05,0.0292169252,0.0291673727452284,0.0291673727452284,0.0291673727452284,0.0291673727452284,0.0291055593007054,0.0290877676161344,0.0289997679647764,0.0289264127270779,0.0288463624326469,0.0287985731594299,0.0287722319514563,0.0287665364462875,0.0282176476166797,0.0275833637063854,0.0269219550625436,0.0262126683039546,0.0251418165443146,0.0241163241669988,0.0230015659236354,0
731,0.22215,3.45717,0.000128383,0.049170689,0.0490872945864509,0.0490872945864509,0.0490872945864509,0.0490872945864509,0.0489832655130336,0.0489533229580645,0.0488052237498347,0.04868177039002,0.0485470495696434,0.0484666225063983,0.0484222915120761,0.0484127062490329,0.0474889525770956,0.0464214830649108,0.045308363922303,0.0441146682004001,0.0423124758588748,0.0405866211903326,0.0387105363347433,0
658,0.195647,7.41631,0.000191855,0.073480465,0.0733558407490364,0.0733558407490364,0.0733558407490364,0.0733558407490364,0.0732003801516015,0.0731556341269442,0.0729343153106293,0.0727498271436037,0.0725485009322413,0.0724283110767395,0.0723620630305365,0.0723477388548968,0.070967285362382,0.069372063539709,0.0677086231067466,0.0659247693821437,0.0632315809406573,0.0606524711875502,0.0578488580925992,0
735,0.204764,17.11,2.26818e-05,0.0086871294,0.00867239586511425,0.00867239586511425,0.00867239586511425,0.00867239586511425,0.00865401674453413,0.00864872670579616,0.00862256158563828,0.00860075071958401,0.00857694919832639,0.00856273991389534,0.00855490782750526,0.00855321437105626,0.00839001210879297,0.00820141914881015,0.00800476113514167,0.00779386742160437,0.00747546883104325,0.00717055704037829,0.00683910364329685,0
699,0.0642133,4.56439,3.96373e-05,0.0151810859,0.0151553384927251,0.0151553384927251,0.0151553384927251,0.0151553384927251,0.0151232202871078,0.0151139757451196,0.0150682512119153,0.0150301359017965,0.0149885418467151,0.0149637105868601,0.0149500237208323,0.0149470643418894,0.014661862240204,0.0143322889377004,0.0139886216500432,0.0136200769405585,0.0130636634084028,0.012530818567159,0.0119515912687904,0
715,0.279844,25.4113,4.10552e-05,0.0157241416,0.0156974731600419,0.0156974731600419,0.0156974731600419,0.0156974731600419,0.0156642060264264,0.0156546307899639,0.0156072706050973,0.0155677918393895,0.0155247098875367,0.015498990367297,0.0154848138965952,0.0154817486551591,0.0151863443434347,0.0148449815904483,0.0144890206842256,0.0141072924444908,0.013530974964608,0.0129790692715807,0.0123791219346031,0
736,0.683546,41.4299,3.69787e-05,0.0141628421,0.0141388216533653,0.0141388216533653,0.0141388216533653,0.0141388216533653,0.014108857718131,0.0141002332370281,0.0140575755939494,0.0140220167991201,0.0139832125898364,0.0139600468416952,0.0139472779973798,0.0139445171134115,0.0136784444253729,0.0133709766543266,0.0130503602266162,0.0127065349850224,0.012187441881266,0.0116903366412294,0.0111499599632472,0
730,0.350488,26.6009,4.37337e-05,0.0167500071,0.0167215987728552,0.0167215987728552,0.0167215987728552,0.0167215987728552,0.0166861612438357,0.0166759613052437,0.0166255112741418,0.0165834568572632,0.016537564177219,0.016510166678673,0.0164950653147355,0.0164918000925616,0.0161771231808022,0.0158134894333042,0.015434305128162,0.0150276723917951,0.0144137551347863,0.0138258423245418,0.0131867535647458,0
683,0.118645,3.94463,0.000204334,0.078259922,0.0781271917000526,0.0781271917000526,0.0781271917000526,0.0781271917000526,0.0779616193369854,0.0779139628557765,0.0776782485975457,0.0774817605981659,0.0772673393421521,0.0771393318681009,0.0770687747897195,0.0770535189136404,0.0755832753237443,0.0738842940310281,0.0721126569226445,0.07021277437091,0.067344410413741,0.0645975452692757,0.0616115742070479,0
620,0.536057,6.55703,8.88811e-05,0.0340414613,0.033983726341243,0.033983726341243,0.033983726341243,0.033983726341243,0.0339117057584765,0.0338909761663774,0.0337884452975194,0.0337029770469019,0.0336097081973815,0.0335540275710448,0.0335233366887671,0.0335167006955042,0.0328771748821892,0.032138152858561,0.0313675270449717,0.0305411170932801,0.029293437589558,0.0280986075779509,0.0267997713951376,0
589,0.184166,12.4829,0.000246066,0.094243278,0.0940834396275958,0.0940834396275958,0.0940834396275958,0.0940834396275958,0.0938840517181412,0.093826662151524,0.093542806969979,0.0933061893926038,0.0930479759734845,0.0928938249897526,0.0928088577398138,0.0927904860914182,0.0910199684135409,0.0889739969610489,0.0868405308873092,0.084552627259058,0.0810984451577691,0.0777905760873354,0.0741947674828049,0
583,0.765455,52.7676,2.39897e-05,0.0091880551,0.00917247198570357,0.00917247198570357,0.00917247198570357,0.00917247198570357,0.00915303307040668,0.0091474379923127,0.00911976411356183,0.00909669556814735,0.00907152158043412,0.00905649294643172,0.00904820923866285,0.00904641813248191,0.00887380514272724,0.00867433735215948,0.0084663394529406,0.0082432849810889,0.00790652658149169,0.00758403267075642,0.00723346668569507,0
643,0.175836,15.9919,2.82526e-05,0.0108207458,0.010802393611562,0.010802393611562,0.010802393611562,0.010802393611562,0.0107795004574868,0.0107729111502692,0.0107403197036569,0.0107131519447363,0.0106835046125368,0.0106658054339303,0.010656049735355,0.0106539403548089,0.010450654538215,0.0102157419007166,0.00997078337903973,0.00970809277551251,0.00931149338658891,0.00893169324475974,0.00851883270254603,0
608,0.113936,5.7701,0.00024349,0.09325667,0.093098504933324,0.093098504933324,0.093098504933324,0.093098504933324,0.092901204363261,0.0928444155928677,0.0925635320162891,0.0923293915258715,0.0920738812748765,0.091921344057102,0.0918372663068741,0.0918190869864159,0.090067104390745,0.0880425516733145,0.0859314202927301,0.0836674681236255,0.0802494469429552,0.0769762070806422,0.0734180420472075,0
590,0.542071,13.3892,1.88933e-05,0.0072361339,0.00722386128077855,0.00722386128077855,0.00722386128077855,0.00722386128077855,0.00720855199144277,0.00720414553830025,0.00718235073080354,0.00716418289422871,0.00714435689798605,0.00713252096461475,0.00712599705743835,0.00712458645595487,0.00698864357216174,0.00683155095293208,0.00666774037133614,0.0064920718530539,0.00622685480277356,0.00597287187661381,0.00569678054051708,0
618,0.251696,13.1597,8.79492e-05,0.0336845436,0.0336274139803766,0.0336274139803766,0.0336274139803766,0.0336274139803766,0.0335561485185647,0.0335356362719629,0.0334341804181158,0.0333496082844765,0.0332573173396048,0.0332022205131499,0.0331718514184424,0.0331652850022,0.0325324644851226,0.0318011909549742,0.0310386449940834,0.0302208997802717,0.0289863019387874,0.0278039994733944,0.0265187813200471,0
584,0.269302,23.1528,3.26478e-05,0.0125041074,0.0124829001986208,0.0124829001986208,0.0124829001986208,0.0124829001986208,0.0124564456027388,0.0124488312102872,0.0124111695780582,0.0123797753856764,0.0123455158778016,0.0123250632736764,0.0123137899007498,0.0123113523681264,0.0120764417870474,0.0118049842643231,0.01152191803948,0.0112183611885765,0.01076006363261,0.0103211787487264,0.00984409032464914,0
579,0.454818,8.15568,9.92705e-05,0.0380206015,0.0379561178446077,0.0379561178446077,0.0379561178446077,0.0379561178446077,0.0378756787044359,0.0378525260097407,0.0377380102058525,0.0376425514865868,0.0375383803486699,0.0374761911586535,0.0374419127886835,0.0374345011075814,0.0367202204871718,0.0358948134456683,0.035034108415826,0.0341110985846087,0.0327175765852833,0.0313830817076631,0.0299324232742507,0
598,0.137797,9.98287,0.000219788,0.084178804,0.0840360351648339,0.0840360351648339,0.0840360351648339,0.0840360351648339,0.0838579403860217,0.0838066795939267,0.0835531380130442,0.0833417894151228,0.0831111512490967,0.0829734624322245,0.0828975690461835,0.0828811593518024,0.0812997196592594,0.0794722425856275,0.0775666146589123,0.0755230419481514,0.0724377405425201,0.0694831270353615,0.0662713237729337,0
609,0.477531,10.976,0.000152465,0.058394095,0.0582950575163631,0.0582950575163631,0.0582950575163631,0.0582950575163631,0.0581715147367226,0.0581359555766831,0.0579600760148816,0.0578134653537804,0.0576534736891619,0.0575579601694774,0.0575053135959487,0.0574939303354713,0.0563968995479689,0.0551291947959747,0.0538072774854454,0.0523896690930575,0.0502494226791969,0.0481998333095819,0.0459718336717216,0
653,0.461653,6.80854,0.000219622,0.084115226,0.0839725649943179,0.0839725649943179,0.0839725649943179,0.0839725649943179,0.0837946047257305,0.0837433826495412,0.0834900325618359,0.0832788435898597,0.0830483796186739,0.0829107947944838,0.0828349587286882,0.0828185614281105,0.0812383161546848,0.0794122193256259,0.0775080306687336,0.0754660014138029,0.0723830302538326,0.0694306482872594,0.0662212708139627,0
632,0.210509,11.597,0.000116332,0.044555156,0.0444795896172469,0.0444795896172469,0.0444795896172469,0.0444795896172469,0.0443853254999667,0.0443581935798164,0.0442239960841059,0.0441121309909552,0.0439900560863646,0.0439171785159587,0.0438770087642666,0.0438683232465552,0.0430312800853593,0.0420640113403426,0.041055377984697,0.0399737315773034,0.0383407066481903,0.0367768537603403,0.0350768724277619,0
593,0.364913,19.9089,1.34893e-05,0.0051664019,0.00515763958518661,0.00515763958518661,0.00515763958518661,0.00515763958518661,0.00514670917087904,0.00514356308372775,0.00512800218664967,0.00511503084771423,0.00510087562807997,0.00509242509503251,0.00508776720355381,0.00508676007263485,0.0049897005678183,0.00487754072975005,0.00476058445009949,0.00463516192763572,0.00444580419995731,0.00426446732996388,0.00406734565931823,0
619,0.481018,37.0545,5.91049e-05,0.0226371767,0.0225987836224634,0.0225987836224634,0.0225987836224634,0.0225987836224634,0.0225508907707508,0.0225371058325799,0.0224689239947002,0.0224120885999322,0.0223500658974227,0.0223130389271042,0.0222926298465693,0.0222882169880628,0.021862939744156,0.0213714986750835,0.0208590414524612,0.0203094884253976,0.0194797960352321,0.0186852479439839,0.017821536955916,0
651,0.253628,33.5569,1.81704e-05,0.0069592632,0.00694746015869428,0.00694746015869428,0.00694746015869428,0.00694746015869428,0.00693273663707831,0.00692849878470838,0.0069075378953911,0.00689006520095977,0.00687099779176564,0.00685961472773077,0.00685334043986375,0.00685198381115434,0.00672124240675836,0.00657016050320257,0.00641261768157634,0.00624367063449638,0.00598860138294087,0.00574433641274015,0.00547880894991407,0
636,0.688645,8.61936,7.83945e-05,0.0300250935,0.0299741703765882,0.0299741703765882,0.0299741703765882,0.0299741703765882,0.0299106471126357,0.0298923632929281,0.0298019294864305,0.0297265451721834,0.0296442806094842,0.0295951694389276,0.0295680996077631,0.029562246559434,0.0289981749359738,0.0283463461216216,0.0276666422774587,0.0269377359637667,0.0258372634127459,0.0247834049282656,0.02363781139788,0
598,0.137797,9.98287,0.000219788,0.084178804,0.0840360351648339,0.0840360351648339,0.0840360351648339,0.0840360351648339,0.0838579403860217,0.0838066795939267,0.0835531380130442,0.0833417894151228,0.0831111512490967,0.0829734624322245,0.0828975690461835,0.0828811593518024,0.0812997196592594,0.0794722425856275,0.0775666146589123,0.0755230419481514,0.0724377405425201,0.0694831270353615,0.0662713237729337,0
543,0.0129446,2.51914,7.5593e-05,0.028952119,0.0289030156615251,0.0289030156615251,0.0289030156615251,0.0289030156615251,0.0288417624601914,0.0288241320297,0.0287369299589607,0.0286642395729402,0.0285849148105127,0.0285375586730811,0.0285114562073824,0.0285058123231514,0.0279618983211203,0.0273333632126201,0.0266779492142936,0.0259750910422162,0.0249139448961305,0.0238977470197831,0.0227930923342829,0
544,0.730372,18.7049,5.24937e-05,0.0201050871,0.020070988494059,0.020070988494059,0.020070988494059,0.020070988494059,0.0200284527146237,0.0200162096957054,0.0199556543620004,0.0199051763109025,0.0198500911802496,0.019817205875109,0.0197990796596704,0.0197951604030507,0.019417452699316,0.0189809819490471,0.0185258458146966,0.0180377632405485,0.0173008763932375,0.0165952027665576,0.0158281024839357,0
562,0.131855,7.2641,0.000202959,0.077733297,0.0776014598659596,0.0776014598659596,0.0776014598659596,0.0776014598659596,0.0774370016689108,0.0773896658766801,0.0771555377818145,0.0769603719852945,0.0767473936082289,0.0766202475193452,0.0765501652321527,0.0765350120155899,0.0750746619575392,0.0733871134135457,0.0716273979678517,0.0697403000653123,0.0668912378417809,0.064162856843731,0.0611969789143668,0
544,0.21145,21.0377,5.83e-05,0.0223289,0.022291029765546,0.022291029765546,0.022291029765546,0.022291029765546,0.022243789126363,0.0222301919136892,0.0221629385870042,0.0221068771857502,0.0220456991183428,0.0220091763872399,0.0219890452408344,0.0219846924773422,0.0215652067270953,0.0210804581812569,0.0205749796832156,0.0200329105573427,0.019214517051108,0.018430789243096,0.0175788404096768,0
568,0.709329,26.5643,8.10837e-05,0.0310550571,0.0310023871389468,0.0310023871389468,0.0310023871389468,0.0310023871389468,0.0309366848093529,0.0309177737919726,0.0308242377960047,0.0307462675414444,0.0306611810223323,0.0306103851703267,0.0305823867511877,0.030576332923243,0.0299929117100819,0.0293187229336463,0.0286157029183524,0.0278617926202128,0.0267235700894841,0.0256335606475201,0.0244486693332094,0
514,0.186303,4.99808,0.000221534,0.084847522,0.0847036190065259,0.0847036190065259,0.0847036190065259,0.0847036190065259,0.0845241094394459,0.0844724414306557,0.0842168857106928,0.0840038581555399,0.0837713877955911,0.0836326051761717,0.0835561088916466,0.0835395688383452,0.0819455661591824,0.0801035715733543,0.0781828053025983,0.0761229984118413,0.0730131873138964,0.0700351023015441,0.0667977844136764,0
528,0.340501,8.4833,0.000217663,0.083364929,0.0832235405121446,0.0832235405121446,0.0832235405121446,0.0832235405121446,0.08304716762627,0.082996402444414,0.0827453122069141,0.0825360070134123,0.0823075987512154,0.0821712411659657,0.0820960815481257,0.0820798305093607,0.0805136808205788,0.0787038725404273,0.0768166690015052,0.074792854384955,0.0717373829313091,0.0688113358322469,0.0656305855933357,0
563,0.210879,11.8853,0.000109863,0.042077529,0.0420061647192483,0.0420061647192483,0.0420061647192483,0.0420061647192483,0.0419171424492215,0.0418915192832528,0.0417647842535856,0.0416591397642894,0.0415438532116381,0.0414750282235221,0.0414370922348848,0.0414288897021997,0.0406383929101007,0.0397249121298014,0.0387723669457481,0.037750868826095,0.0362086532896377,0.0347317632695412,0.033126314647141,0
573,0.336176,34.187,3.1881e-06,0.0012210423,0.0012189713892888,0.0012189713892888,0.0012189713892888,0.0012189713892888,0.00121638806370082,0.00121564450840536,0.00121196680118745,0.00120890111759674,0.00120555563223308,0.00120355840892212,0.00120245754943918,0.00120221952121809,0.00117928019839884,0.00115277201934245,0.00112513023547272,0.00109548751540076,0.00105073416484798,0.0010078764868939,0.000961288183706526,0
552,0.195403,2.48761,7.37825e-05,0.0282586975,0.0282107702174339,0.0282107702174339,0.0282107702174339,0.0282107702174339,0.0281509840688829,0.0281337758983152,0.0280486623721379,0.0279777129666829,0.0279002880823178,0.0278540661542286,0.0278285888590371,0.0278230801493911,0.0272921932305645,0.0266787119341095,0.0260389955141827,0.0253529712383728,0.0243172402113787,0.0233253809147295,0.0222471834052654,0
554,0.453754,15.1609,0.000128824,0.049339592,0.0492559111237855,0.0492559111237855,0.0492559111237855,0.0492559111237855,0.0491515247069397,0.0491214792982693,0.0489728713641892,0.0488489939378573,0.0487138103468507,0.0486331070138901,0.0485886237410848,0.048579005552335,0.0476520787549112,0.0465809424484088,0.0454639997034402,0.0442662035958681,0.0424578206619543,0.0407260376235437,0.0388435083522504,0
585,0.80123,1.67049,7.15633e-05,0.0274087439,0.0273622581547289,0.0273622581547289,0.0273622581547289,0.0273622581547289,0.0273042702296167,0.0272875796393982,0.0272050261232137,0.0271362107050942,0.0270611145748834,0.0270162828911315,0.0269915718916535,0.0269862288707338,0.026471309752541,0.025876280496788,0.0252558052069273,0.0245904148900219,0.0235858361592377,0.0226238096027521,0.0215780416790707,0
560,0.399644,7.98479,0.000107056,0.041002448,0.0409329070768489,0.0409329070768489,0.0409329070768489,0.0409329070768489,0.0408461593261049,0.0408211908321083,0.0406976938828529,0.0405947486105947,0.0404824076297309,0.0404153411202806,0.0403783743962738,0.0403703814383249,0.0396000818417824,0.0387099404983299,0.0377817328467638,0.036786334007322,0.0352835220827344,0.0338443666073565,0.0322799372023732,0
535,0.243454,20.3411,6.24374e-05,0.0239135242,0.0238729664130926,0.0238729664130926,0.0238729664130926,0.0238729664130926,0.0238223732281025,0.0238078110564628,0.0237357849353725,0.0236757450016734,0.0236102252852765,0.0235711106305429,0.0235495508288177,0.0235448891609743,0.0230956335935221,0.0225764836989092,0.0220351327010773,0.0214545943333281,0.0205781215596372,0.0197387746189859,0.0188263651834503,0
535,0.169514,13.3507,7.07906e-05,0.0271127998,0.0270668159814899,0.0270668159814899,0.0270668159814899,0.0270668159814899,0.0270094541771648,0.0269929438024907,0.0269112816524388,0.0268432092642464,0.0267689239795362,0.0267245763629253,0.0267001321788303,0.0266948468488257,0.0261854875357652,0.025596883069058,0.0249831073201139,0.0243249015111599,0.0233311696527987,0.0223795305144478,0.0213450542007764,0
555,0.967317,6.84712,0.000118763,0.045486229,0.0454090834999234,0.0454090834999234,0.0454090834999234,0.0454090834999234,0.0453128495371226,0.0452851506388589,0.0451481488063187,0.045033946058512,0.0449093201439408,0.0448349196445587,0.0447939104620448,0.0447850434423086,0.0439305085168099,0.0429430266720516,0.0419133158167707,0.0408090661496001,0.0391419157554158,0.0375453828967034,0.035809876905222,0
587,0.603527,43.4688,3.38599e-05,0.0129683417,0.0129463471485147,0.0129463471485147,0.0129463471485147,0.0129463471485147,0.0129189103849012,0.0129110132963692,0.0128719534178748,0.012839393667612,0.0128038622225931,0.0127826502839503,0.012770958369642,0.0127684303398552,0.0125247983406308,0.0122432625381053,0.011949687042465,0.0116348601746238,0.0111595476140448,0.0107043684509829,0.0102095673822918,0
554,0.392971,37.7923,1.71765e-05,0.0065785995,0.00656744207149057,0.00656744207149057,0.00656744207149057,0.00656744207149057,0.00655352390958788,0.00654951786287277,0.00652970351011454,0.00651318655199036,0.00649516210816837,0.00648440168465569,0.00647847059312507,0.00647718817044713,0.00635359817063383,0.00621078027359105,0.00606185486327191,0.00590214902552652,0.0056610317689255,0.00543012781190459,0.00517912439617175,0
793,0.0947888,15.6228,8.66552e-05,0.0331889416,0.0331326525306919,0.0331326525306919,0.0331326525306919,0.0331326525306919,0.0330624356003912,0.0330422251512714,0.0329422620213476,0.0328589342007996,0.0327680011361891,0.0327137149514846,0.0326837926784485,0.0326773228741438,0.0320538130699449,0.0313332987956852,0.0305819722031729,0.0297762585064947,0.0285598253510664,0.0273949181478273,0.026128609459153,0
804,0.0988121,4.51276,8.73586e-05,0.0334583438,0.0334015978194927,0.0334015978194927,0.0334015978194927,0.0334015978194927,0.0333308109223721,0.0333104364204324,0.0332096618670097,0.0331256576555587,0.0330339864665466,0.0329792596285135,0.0329490944695704,0.0329425721483901,0.0323140011730639,0.0315876383202941,0.0308302130386648,0.0300179591803546,0.0287916519598786,0.0276172889394841,0.0263407013346962,0
873,0.196983,22.1386,0.000113249,0.043374367,0.043300803257604,0.043300803257604,0.043300803257604,0.043300803257604,0.0432090373031129,0.0431826244259587,0.0430519833969063,0.0429430829229678,0.0428242432153209,0.042753297027076,0.0427141918435549,0.0427057365071445,0.0418908764431701,0.040949241999471,0.0399673391791506,0.0389143582797341,0.0373246113468427,0.0358022032760099,0.0341472744006086,0
851,0.177945,21.1927,2.307e-07,8.83581e-05,8.82082430001965e-05,8.82082430001965e-05,8.82082430001965e-05,8.82082430001965e-05,8.80213061998617e-05,8.79675004200361e-05,8.77013710466873e-05,8.74795294468707e-05,8.7237440593511e-05,8.70929158239494e-05,8.70132544950341e-05,8.69960300947314e-05,8.53360753334629e-05,8.34178679659684e-05,8.14176297241481e-05,7.92725980373748e-05,7.60341180735955e-05,7.29328143804844e-05,6.95615520156506e-05,0
807,0.144248,3.14924,0.000107408,0.041137264,0.0410674944263767,0.0410674944263767,0.0410674944263767,0.0410674944263767,0.040980461449132,0.040955410858757,0.04083150785168,0.0407282240954898,0.0406155137376152,0.040548226713562,0.0405111384430109,0.0405031192042259,0.0397302868635309,0.0388372187364054,0.0379059591391907,0.0369072874295551,0.0353995342611562,0.0339556468442959,0.0323860735972995,0
869,0.203112,10.0022,8.22038e-05,0.0314840554,0.0314306578497596,0.0314306578497596,0.0314306578497596,0.0314306578497596,0.0313640479002696,0.0313448756438169,0.0312500475303323,0.0311710001852825,0.031084738270745,0.0310332407187203,0.0310048555260463,0.0309987180697931,0.0304072374057083,0.0297237353042951,0.0290110036858168,0.0282466787799946,0.0270927327061041,0.0259876657423947,0.0247864061967236,0
784,0.082829,8.03202,4.86445e-05,0.0186308435,0.0185992452389383,0.0185992452389383,0.0185992452389383,0.0185992452389383,0.0185598284761126,0.0185484831997505,0.0184923682006094,0.0184455915482371,0.0183945456391463,0.0183640717113052,0.0183472746349531,0.0183436427652499,0.0179936311944457,0.017589165488819,0.0171674030737595,0.0167151100790164,0.0160322568557911,0.0153783280846618,0.0146674768835081,0
883,0.0777413,13.2985,4.46866e-05,0.0171149678,0.0170859404926423,0.0170859404926423,0.0170859404926423,0.0170859404926423,0.0170497308263144,0.0170393086444299,0.0169877593732765,0.016944788645776,0.0168978960243866,0.0168699015702579,0.016854471167394,0.0168511348003087,0.0165296014910981,0.0161580446408671,0.0157705984067235,0.0153551056760163,0.014727811966656,0.0141270893068702,0.01347407564067,0
876,0.765888,32.6143,2.3142e-05,0.008863386,0.00884835353060488,0.00884835353060488,0.00884835353060488,0.00884835353060488,0.00882960150878716,0.00882420413836356,0.00879750814374702,0.00877525474841561,0.00875097030869108,0.00873647272647523,0.00872848173179054,0.00872675391613469,0.00856024037870393,0.00836782098165774,0.00816717289586578,0.00795200027646696,0.00762714157112764,0.00731604330469514,0.00697786491870908,0
914,0.315212,18.0718,6.90353e-05,0.0264405199,0.0263956762808473,0.0263956762808473,0.0263956762808473,0.0263956762808473,0.0263397368006039,0.0263236358116485,0.0262439985289093,0.0261776140408477,0.0261051707091687,0.0260619227212011,0.0260380846469052,0.0260329303701726,0.0255362009599836,0.0249621913324275,0.0243636345613155,0.0237217494030758,0.0227526577869358,0.0218246151738234,0.020815789388236,0
813,0.193836,7.78333,0.000221846,0.084967018,0.0848229123390619,0.0848229123390619,0.0848229123390619,0.0848229123390619,0.0846431499575835,0.0845914091815488,0.0843354935466987,0.0841221659716969,0.0838893682093977,0.083750390133853,0.0836737861148909,0.0836572227672119,0.0820609751557321,0.0802163863752849,0.0782929149708858,0.0762302071270024,0.0731160162902248,0.0701337370570132,0.0668918598546338,0
837,0.237953,21.5406,8.04107e-05,0.0307972981,0.0307450653030598,0.0307450653030598,0.0307450653030598,0.0307450653030598,0.0306799083070881,0.0306611542523858,0.0305683946112868,0.0304910715149263,0.0304066912194739,0.0303563169763539,0.0303285509459204,0.0303225473651427,0.0297439685861139,0.0290753756205076,0.0283781907172066,0.0276305379237275,0.0265017627142629,0.0254208004217807,0.0242457437826826,0
908,0.331628,22.8368,5.81524e-05,0.0222723692,0.0222345948428462,0.0222345948428462,0.0222345948428462,0.0222345948428462,0.0221874738043209,0.0221739110161513,0.0221068279568937,0.0220509084881066,0.0219898853071959,0.0219534550418753,0.0219333748621457,0.021929033118686,0.0215106093941121,0.021027088101882,0.0205228893401411,0.0199821925882472,0.0191658710353834,0.0183841274164702,0.0175343354895315,0
839,0.0788879,5.94288,0.000234448,0.089793584,0.089641292392328,0.089641292392328,0.089641292392328,0.089641292392328,0.0894513185780025,0.0893966386583295,0.0891261856920405,0.0889007400076287,0.0886547181285976,0.0885078453796848,0.0884268898563144,0.0884093856248356,0.0867224628945804,0.0847730919327497,0.0827403574060125,0.0805604770900149,0.0772693841097456,0.0741176959942601,0.0706916634025368,0
851,0.0853621,7.52451,0.000189595,0.072614885,0.0724917287889998,0.0724917287889998,0.0724917287889998,0.0724917287889998,0.072338099475348,0.0722938805467565,0.0720751688062275,0.0718928538599023,0.0716938992168475,0.0715751251653302,0.0715096575031902,0.0714955020624647,0.0701313099386558,0.0685548793975197,0.066911033842869,0.0651481934325795,0.0624867300223812,0.0599380014844731,0.0571674141933562,0
878,0.166252,11.1931,6.26e-05,0.0239758,0.0239351365921643,0.0239351365921643,0.0239351365921643,0.0239351365921643,0.0238844116519781,0.023869811557409,0.023797597865291,0.0237374015750937,0.0236717112317026,0.0236324947142576,0.0236108787663161,0.0236062049585184,0.0231557794359548,0.0226352775668384,0.022092516778204,0.0215104665675755,0.0206317112761468,0.0197901785011631,0.0188753929613339,0
815,0.297213,27.8144,0.000120498,0.046150734,0.0460724614869427,0.0460724614869427,0.0460724614869427,0.0460724614869427,0.0459748216492021,0.0459467180997551,0.0458077148174414,0.0456918436900261,0.0455653971245639,0.0454899097137159,0.0454483014310473,0.0454393048736668,0.0445722861098032,0.0435703782148386,0.0425256243888184,0.0414052428188452,0.0397137371462163,0.0380938806554816,0.0363330207836232,0
884,0.259344,21.9762,0.000102667,0.039321461,0.0392547710624238,0.0392547710624238,0.0392547710624238,0.0392547710624238,0.0391715797296108,0.0391476348748324,0.0390292009590388,0.038930476158309,0.0388227408470481,0.0387584238790525,0.0387229726885204,0.0387153074197477,0.0379765879768558,0.0371229399673259,0.0362327862630651,0.0352781960238542,0.0338369952330378,0.0324568411530177,0.0309565490281352,0
743,0.0184287,2.64807,2.59777e-05,0.0099494591,0.00993258463019594,0.00993258463019594,0.00993258463019594,0.00993258463019594,0.00991153483341199,0.00990547609736268,0.00987550891477906,0.00985052870442988,0.00982326857609905,0.00980699453575991,0.00979802436625768,0.0097960848330815,0.00960916759510229,0.00939317012856323,0.00916793567267015,0.00892639692256399,0.0085617317255329,0.00821251309983489,0.00783289609794957,0
778,0.229818,16.1324,2.85705e-05,0.0109425015,0.0109239428116043,0.0109239428116043,0.0109239428116043,0.0109239428116043,0.0109007920623457,0.0108941286118363,0.0108611704442539,0.0108336969920322,0.0108037160662198,0.0107858177353626,0.0107759522650645,0.0107738191496382,0.0105682459484816,0.0103306900594785,0.0100829752493878,0.0098173288349667,0.00941626688522609,0.00903219320874568,0.00861468713421389,0
748,0.574652,23.7404,1.39959e-05,0.0053604297,0.00535133831038773,0.00535133831038773,0.00535133831038773,0.00535133831038773,0.00533999739680383,0.00533673315617158,0.00532058785883108,0.005307129372282,0.00529244254357486,0.0052836746449086,0.0052788418230908,0.00527779686867295,0.00517709222695974,0.00506072014852578,0.00493937149482533,0.00480923864270175,0.00461276945447002,0.00442462235278639,0.00422009764133439,0
804,0.886826,11.4783,5.05086e-05,0.0193447938,0.0193119846657985,0.0193119846657985,0.0193119846657985,0.0193119846657985,0.0192710574179728,0.0192592773806477,0.0192010120054127,0.0191524428306034,0.0190994407974053,0.0190677990818619,0.0190503583267788,0.0190465872806361,0.0186831629587678,0.0182631977717638,0.0178252730502172,0.0173556477903361,0.0166466270313481,0.0159676391348857,0.0152295474908439,0
829,0.151713,8.91575,6.88629e-05,0.0263744907,0.0263297590676126,0.0263297590676126,0.0263297590676126,0.0263297590676126,0.0262739592835304,0.0262578985031422,0.0261784600964496,0.0261122413885865,0.0260399789676935,0.0259968389817644,0.025973060437651,0.0259679190325552,0.0254724300913772,0.0248998539226428,0.0243027919112746,0.0236625097155957,0.0226958381859133,0.021770113148686,0.02076380667663,0
724,0.374794,24.2588,4.40325e-05,0.0168644475,0.0168358450797839,0.0168358450797839,0.0168358450797839,0.0168358450797839,0.0168001654323598,0.0167898958051376,0.0167391010863167,0.0166967593427366,0.0166505531119799,0.0166229684266062,0.0166077638862271,0.016604476355207,0.0162876494890364,0.0159215313013069,0.0155397563104835,0.0151303453536225,0.0145122336544239,0.0139203040711256,0.0132768488908935,0
750,0.890148,13.4364,6.50305e-05,0.0249066815,0.0248644392996284,0.0248644392996284,0.0248644392996284,0.0248644392996284,0.0248117449190728,0.0247965779630046,0.0247215605108435,0.0246590270467912,0.0245907862181028,0.0245500470849126,0.0245275918788007,0.0245227366063087,0.0240548229170904,0.0235141121055956,0.022950278152476,0.0223456293310338,0.0214327555933461,0.0205585495690078,0.0196082466768694,0
745,0.280785,16.4327,0.000101694,0.038948802,0.0388827440990983,0.0388827440990983,0.0388827440990983,0.0388827440990983,0.0388003411906751,0.0387766232670791,0.0386593117781613,0.0385615226162552,0.0384548083386065,0.0383911009180785,0.0383559857070568,0.0383483930838908,0.0376166746638976,0.0367711168831001,0.0358893993808735,0.0349438560243294,0.0335163138421162,0.0321492398162504,0.0306631663228417,0
820,0.861526,38.1764,1.11611e-05,0.0042747013,0.00426745132617899,0.00426745132617899,0.00426745132617899,0.00426745132617899,0.00425840745828902,0.00425580437337696,0.00424292922578752,0.00423219668881434,0.00422048460428364,0.00421349259992493,0.00420963864215225,0.00420880533805941,0.00412849792112836,0.00403569642893355,0.00393892634206411,0.00383515125251385,0.00367847592211186,0.00352843708097973,0.0033653378335582,0
800,0.32146,23.5449,4.17401e-05,0.0159864583,0.015959344965984,0.015959344965984,0.015959344965984,0.015959344965984,0.0159255228561458,0.015915787881588,0.0158676376143296,0.0158275002473573,0.0157836995843832,0.0157575510003608,0.0157431380318516,0.0157400216547772,0.0154396892848993,0.0150926317758401,0.014730732581053,0.01434263619133,0.013756704342452,0.0131955915280575,0.0125856356189357,0
720,0.162832,1.60566,0.000166141,0.063632003,0.0635240819258589,0.0635240819258589,0.0635240819258589,0.0635240819258589,0.0633894574484231,0.0633507086574998,0.0631590528264745,0.0629992912953296,0.0628249484943499,0.0627208674811737,0.0626634985481554,0.0626510942174632,0.061455660563402,0.0600742436139313,0.0586337512787156,0.0570889844409514,0.0547567594749251,0.0525233234243088,0.0500954738336896,0
728,0.468935,2.0579,7.25606e-05,0.0277907098,0.0277435762333769,0.0277435762333769,0.0277435762333769,0.0277435762333769,0.0276847801935227,0.027667857004673,0.0275841530297801,0.0275143786059064,0.0274382359424773,0.0273927794882326,0.0273677241183891,0.0273623066375889,0.0268402116508074,0.0262368901184718,0.0256077679382836,0.0249331047990929,0.023914526345431,0.0229390930695127,0.0218787514139004,0
760,0.781288,14.381,0.000104998,0.040214234,0.0401460299026208,0.0401460299026208,0.0401460299026208,0.0401460299026208,0.040060949754543,0.0400364612444861,0.0399153383491984,0.0398143720540205,0.0397041906694299,0.0396384134186521,0.0396021573275665,0.0395943180229155,0.0388388263453096,0.0379657967086725,0.0370554325347902,0.0360791688284711,0.0346052463350298,0.0331937565857048,0.0316594011206731,0
736,0.683546,41.4299,3.69787e-05,0.0141628421,0.0141388216533653,0.0141388216533653,0.0141388216533653,0.0141388216533653,0.014108857718131,0.0141002332370281,0.0140575755939494,0.0140220167991201,0.0139832125898364,0.0139600468416952,0.0139472779973798,0.0139445171134115,0.0136784444253729,0.0133709766543266,0.0130503602266162,0.0127065349850224,0.012187441881266,0.0116903366412294,0.0111499599632472,0
749,0.839175,49.2351,1.63201e-05,0.0062505983,0.00623999716769617,0.00623999716769617,0.00623999716769617,0.00623999716769617,0.00622677294890491,0.00622296663894682,0.0062041402064111,0.00618844676430808,0.00617132099796341,0.00616109707645616,0.00615546170214307,0.00615424321954497,0.00603681527112981,0.00590111810572779,0.00575961794044677,0.00560787484711643,0.00537877941210613,0.00515938805362351,0.00492089937169753,0
745,0.727475,26.0677,9.3852e-05,0.035945316,0.0358843520678563,0.0358843520678563,0.0358843520678563,0.0358843520678563,0.0358083035520998,0.0357864146052069,0.0356781494385509,0.0355879011601548,0.0354894160146606,0.0354306213086662,0.0353982139612828,0.0353912068333365,0.0347159139236938,0.0339355602268837,0.0331218352183387,0.0322492062028769,0.0309317470717082,0.0296700931739801,0.0282986162972381,0
824,0.740744,40.3225,6.58541e-05,0.0252221203,0.0251793431094895,0.0251793431094895,0.0251793431094895,0.0251793431094895,0.0251259813637465,0.025110622320811,0.0250346547856335,0.0249713293461082,0.024902224259164,0.02486096917192,0.0248382295745185,0.0248333128108429,0.0243594730759315,0.02381191425582,0.0232409394435068,0.0226286328496449,0.0217041977244489,0.0208189200324831,0.0198565817190891,0
740,0.364819,3.79595,0.000205849,0.078840167,0.078706452593617,0.078706452593617,0.078706452593617,0.078706452593617,0.0785396526221731,0.0784916428000173,0.0782541808781514,0.0780562360516207,0.0778402250053474,0.0777112684414571,0.0776401882295113,0.0776248192413106,0.0761436747781448,0.0744320966750179,0.0726473240619253,0.0707333551512595,0.0678437241930279,0.0650764928799667,0.0620683828386201,0
343,0.439282,47.379,4.02638e-05,0.0154210354,0.0153948810338592,0.0153948810338592,0.0153948810338592,0.0153948810338592,0.0153622551736887,0.0153528645141406,0.0153064172672285,0.0152676995134066,0.0152254480302081,0.0152002242919477,0.0151863210937891,0.0151833149394376,0.0148936049848786,0.0145588225063206,0.014209723275627,0.0138353534150726,0.0132701453111904,0.012728878420689,0.0121404959603284,0
294,0.0179034,4.54767,6.23806e-05,0.0238917698,0.0238512489089643,0.0238512489089643,0.0238512489089643,0.0238512489089643,0.0238007017491595,0.0237861528248899,0.0237141922267663,0.0236542069120653,0.0235887467996861,0.0235496677279907,0.0235281275394578,0.0235234701123858,0.02307462323774,0.0225559456195834,0.0220150870947993,0.0214350768492859,0.0205594014126646,0.019720818035298,0.0188092386288144,0
331,0.293141,20.039,9.41142e-05,0.0360457386,0.0359846043492375,0.0359846043492375,0.0359846043492375,0.0359846043492375,0.0359083433721501,0.0358863932727844,0.0357778256391943,0.0356873252287329,0.0355885649393403,0.0355296059750253,0.0354971080892784,0.0354900813850956,0.0348129018688712,0.0340303680508138,0.0332143696895727,0.0323393027577334,0.0310181629614303,0.0297529843050186,0.0283776758505043,0
333,0.792984,6.25117,0.000125047,0.047893001,0.0478117735693349,0.0478117735693349,0.0478117735693349,0.0478117735693349,0.047710447665254,0.0476812831600531,0.0475370322725406,0.0474167868172642,0.0472855666835578,0.0472072294973446,0.0471640504327721,0.0471547142403809,0.0462549640755246,0.0452152324904224,0.0441310374690748,0.0429683596306008,0.0412129968042865,0.0395319880357019,0.0377046527737367,0
298,0.712831,28.5331,8.69432e-05,0.0332992456,0.0332427694530329,0.0332427694530329,0.0332427694530329,0.0332427694530329,0.0331723191555952,0.0331520415367112,0.0330517461776608,0.0329681414157138,0.032876906133549,0.0328224395278058,0.0327924178075971,0.03278592650079,0.0321603444513755,0.0314374355359288,0.0306836118969768,0.0298752203974126,0.0286547444061388,0.0274859656144141,0.0262154483277291,0
319,0.696948,62.6088,3.75398e-05,0.0143777434,0.0143533584767177,0.0143533584767177,0.0143533584767177,0.0143533584767177,0.0143229398807177,0.0143141845351889,0.0142708796220998,0.0142347812723435,0.0141953882635123,0.0141718710075765,0.0141589084139258,0.0141561056374087,0.0138859956688476,0.0135738625048499,0.013248381171732,0.012899338863474,0.0123723692486309,0.0118677211325553,0.011319144995046,0
336,0.236081,16.9141,9.0285e-06,0.0034579155,0.00345205081026126,0.00345205081026126,0.00345205081026126,0.00345205081026126,0.00344473499360837,0.00344262929147072,0.0034322142544214,0.00342353243004366,0.00341405822452759,0.00340840221290215,0.00340528464763075,0.0034046105665812,0.00333964783766003,0.00326457833086582,0.00318629852607053,0.00310235219497373,0.00297561350250306,0.0028542432363858,0.00272230807270612,0
354,0.407316,34.3094,4.85972e-05,0.0186127276,0.0185811600638455,0.0185811600638455,0.0185811600638455,0.0185811600638455,0.0185417816283308,0.0185304473836696,0.0184743869485482,0.0184276557799543,0.0183766595058993,0.018346215209708,0.0183294344661728,0.018325806127957,0.0179761348946483,0.0175720624755776,0.0171507101657146,0.0166988569629038,0.0160166677193157,0.015363374802823,0.0146532148054398,0
328,0.778363,33.2218,5.67608e-05,0.0217393864,0.0217025159917016,0.0217025159917016,0.0217025159917016,0.0217025159917016,0.0216565225702172,0.0216432843426163,0.0215778065960417,0.0215232252927089,0.0214636624102304,0.0214281039293456,0.0214085042728294,0.0214042664282663,0.0209958556774496,0.0205239051583994,0.0200317719863304,0.0195040142292147,0.0187072274345546,0.0179441911161153,0.0171147349009534,0
322,0.708162,7.4719,0.000165841,0.063517103,0.0634093767984204,0.0634093767984204,0.0634093767984204,0.0634093767984204,0.0632749954117523,0.0632363165893333,0.063045006830315,0.062885533779794,0.0627115057887666,0.0626076127141725,0.062550347371959,0.0625379654397067,0.0613446903744118,0.0599657678428442,0.0585278765976699,0.0569858991379119,0.0546578854592247,0.0524284823132809,0.0500050166789229,0
312,0.384344,23.0063,0.00012862,0.04926146,0.0491779116371273,0.0491779116371273,0.0491779116371273,0.0491779116371273,0.0490736905220035,0.0490436926919161,0.0488953200868007,0.0487716388272931,0.0486366693070541,0.0485560937723293,0.0485116809412713,0.0485020779834606,0.0475766190263979,0.0465071789240696,0.0453920049203291,0.0441961055898013,0.0423905863312781,0.0406615456680447,0.038781997487009,0
330,0.0393089,3.44654,0.00019811,0.07587613,0.0757474426561288,0.0757474426561288,0.0757474426561288,0.0757474426561288,0.0755869136161881,0.0755407087482156,0.0753121743305558,0.0751216713425208,0.0749137813436518,0.0747896729687152,0.0747212650542314,0.0747064738711193,0.0732810138028276,0.0716337833668747,0.0699161102065495,0.0680740979505172,0.0652931041680103,0.0626299083524827,0.0597348897694865,0
331,0.0821969,0.594505,6.16434e-05,0.0236094222,0.0235693801758054,0.0235693801758054,0.0235693801758054,0.0235693801758054,0.023519430371047,0.0235050533827154,0.0234339431988702,0.0233746667772225,0.0233099802578328,0.0232713630138797,0.0232500773824845,0.0232454749958455,0.0228019324933281,0.0222893844914321,0.0217549177119096,0.0211817618979502,0.0203164349980835,0.0194877618117987,0.0185869552471675,0
314,0.622392,8.23826,7.03797e-05,0.0269554251,0.0269097081919416,0.0269097081919416,0.0269097081919416,0.0269097081919416,0.026852679340938,0.026836264799792,0.0267550766530322,0.0266873993871345,0.0266135452871224,0.0265694550837226,0.0265451527845,0.0265398981328919,0.0260334953669117,0.0254483074212591,0.0248380942986416,0.0241837090077635,0.0231957452092944,0.0222496298060432,0.0212211580511308,0
305,0.846012,6.96388,0.000231563,0.088688629,0.0885382114167945,0.0885382114167945,0.0885382114167945,0.0885382114167945,0.0883505753253514,0.0882965682694617,0.0880294433623062,0.0878067718998948,0.0875637774432388,0.0874187120370229,0.0873387527118924,0.0873214638787442,0.0856552995771247,0.0837299166007956,0.0817221958899563,0.0795691400924518,0.0763185456587602,0.0732056406432081,0.0698217670975297,0
319,0.162199,1.93903,0.000165853,0.063521699,0.0634139650035179,0.0634139650035179,0.0634139650035179,0.0634139650035179,0.0632795738932192,0.06324089227206,0.0630495686701614,0.0628900840804155,0.0627160434969899,0.0626121429048525,0.0625548734190069,0.062542490590817,0.0613491291819715,0.0599701068736877,0.0585321115849117,0.0569900225500335,0.0546618404198527,0.052432275957722,0.0500086349651135,0
339,0.703097,3.23926,0.000221023,0.084651809,0.0845082379394557,0.0845082379394557,0.0845082379394557,0.0845082379394557,0.0843291424369832,0.0842775936078787,0.084022627363901,0.083810091187411,0.0835781570537477,0.0834396945563796,0.0833633747215254,0.0833468728202332,0.081756546937269,0.0799188011766027,0.0780024654292171,0.0759474097789974,0.0728447719071534,0.0698735562757599,0.0666437057267236,0
311,0.34832,20.6402,8.44797e-05,0.0323557251,0.0323008491815505,0.0323008491815505,0.0323008491815505,0.0323008491815505,0.0322323950644666,0.0322126920036173,0.0321152384725307,0.0320340026173073,0.0319453524495346,0.0318924291327806,0.0318632580657309,0.0318569506874464,0.031249094249451,0.0305466686623521,0.0298142043077898,0.0290287182506199,0.0278428239472125,0.0267071620243563,0.0254726443251693,0
1198,0.248592,30.0629,2.5387e-06,0.0009723221,0.000970673023426956,0.000970673023426956,0.000970673023426956,0.000970673023426956,0.000968615908320714,0.000968023811514285,0.000965095234834092,0.00096265401563403,0.000959989988880565,0.000958399589953447,0.000957522970032696,0.0009573334269679,0.000939066729298059,0.000917958133529276,0.000895946842569115,0.000872342196087921,0.000836704878861884,0.000802577095222088,0.000765478596021379,0
1121,0.663564,8.81237,0.000146148,0.055974684,0.0558797498829333,0.0558797498829333,0.0558797498829333,0.0558797498829333,0.0557613257845574,0.0557272399279906,0.0555586474890822,0.0554181112683193,0.0552647484519309,0.0551731922923214,0.0551227269958398,0.0551118153718457,0.0540602372684652,0.0528450566427844,0.0515779096182263,0.0502190362287224,0.0481674654885992,0.0462027956483703,0.0440671075161825,0
1112,0.0589629,1.16683,9.541e-05,0.03654203,0.0364800540296868,0.0364800540296868,0.0364800540296868,0.0364800540296868,0.0364027430625436,0.0363804907458849,0.0362704283119395,0.036178681857503,0.0360785617989895,0.0360187910652926,0.0359858457363294,0.0359787222858185,0.0352922191051829,0.0344989110647293,0.0336716777285695,0.0327845625433287,0.0314452327932455,0.0301626346772519,0.0287683904543269,0
1055,0.170941,10.3278,3.91831e-05,0.0150071273,0.0149816749297833,0.0149816749297833,0.0149816749297833,0.0149816749297833,0.0149499247635882,0.0149407861539155,0.0148955855737297,0.0148579070232756,0.0148167895904621,0.0147922428696202,0.014778712840071,0.0147757873723661,0.0144938533740729,0.0141680566202745,0.01382832738294,0.0134640057917567,0.0129139681486324,0.0123872291250627,0.0118146391364735,0
1079,0.930626,37.6144,0.000210824,0.080745592,0.0806086459569719,0.0806086459569719,0.0806086459569719,0.0806086459569719,0.0804378147302975,0.0803886445971117,0.0801454436477971,0.0799427148509192,0.0797214832062695,0.0795894099942276,0.079516611901435,0.0795008714724389,0.0779839304122322,0.0762309865455454,0.0744030791892666,0.0724428530933312,0.0694833849533927,0.0666492746378467,0.0635684639885025,0
1127,0.405595,43.1254,3.10554e-05,0.0118942182,0.0118740453821773,0.0118740453821773,0.0118740453821773,0.0118740453821773,0.0118488811120901,0.0118416381124594,0.0118058134304434,0.0117759504932135,0.0117433619965658,0.0117239069704338,0.0117131834574993,0.0117108648157951,0.0114874120238874,0.0112291948713929,0.0109599352324894,0.0106711844000429,0.0102352403572724,0.00981776213139009,0.00936394374714709,0
1114,0.25528,15.5032,0.000170567,0.065327161,0.0652163649060013,0.0652163649060013,0.0652163649060013,0.0652163649060013,0.06507815402944,0.0650383729698495,0.0648416114231483,0.0646775938411981,0.0644986065440546,0.0643917528103319,0.0643328555676397,0.0643201207852971,0.0630928407516375,0.0616746228233694,0.0601957557397433,0.0586098362784608,0.0562154807865581,0.0539225459490077,0.0514300183903488,0
1145,0.351922,26.7661,2.81183e-05,0.0107693089,0.010751043949512,0.010751043949512,0.010751043949512,0.010751043949512,0.0107282596190705,0.01072170163442,0.0106892651127094,0.0106622264969482,0.0106327200946707,0.0106151050499027,0.0106053957254777,0.0106032963719666,0.0104009768836104,0.0101671809138599,0.0099233868134916,0.00966194492151849,0.00926723078556037,0.0088892360407229,0.00847833804959543,0
1141,0.935018,34.3172,0.000194835,0.074621805,0.0744952450149254,0.0744952450149254,0.0744952450149254,0.0744952450149254,0.074337369715865,0.0742919286707314,0.0740671722058141,0.0738798184645906,0.0736753651410348,0.0735533084289518,0.0734860313807541,0.0734714847139445,0.0720695892396846,0.0704495895325074,0.0687603116051339,0.0669487500590027,0.0642137294966145,0.0615945595570944,0.0587473991632825,0
1049,0.209582,10.2678,0.000111903,0.042858849,0.04278615958583,0.04278615958583,0.04278615958583,0.04278615958583,0.0426954842985831,0.042669385346785,0.0425402970274705,0.0424326908699314,0.0423152636096041,0.0422451606391305,0.0422065202330204,0.0421981653909438,0.0413929901952341,0.0404625473731936,0.0394923147768589,0.0384518488867636,0.0368809965964003,0.0353766828245312,0.033741423299555,0
1110,0.752257,28.724,0.000168798,0.064649634,0.0645399870045391,0.0645399870045391,0.0645399870045391,0.0645399870045391,0.0644032095532044,0.0643638410745611,0.0641691201991275,0.0640068036912565,0.0638296727234654,0.0637239272009146,0.0636656407986682,0.0636530380924598,0.0624384865372253,0.0610349773598593,0.0595714480371771,0.0580019766082046,0.0556324536739782,0.0533632995309796,0.0508966227010741,0
1071,0.360683,21.4331,4.83966e-05,0.0185358978,0.0185044605686316,0.0185044605686316,0.0185044605686316,0.0185044605686316,0.0184652446798103,0.0184539572207556,0.0183981281924495,0.0183515899212329,0.0183008041500993,0.0182704855221732,0.0182537740463562,0.0182501606852305,0.0179019328282768,0.0174995283433107,0.0170799152956554,0.0166299272569381,0.0159505539608174,0.015299957713249,0.0145927291212858,0
1099,0.61854,54.9873,4.02024e-05,0.0153975192,0.0153714047177768,0.0153714047177768,0.0153714047177768,0.0153714047177768,0.0153388286101834,0.0153294522708559,0.0152830758533478,0.0152444171418937,0.0152022300897987,0.0151770448163014,0.0151631628197276,0.0151601612495901,0.0148708930861986,0.0145366211318381,0.014188054257573,0.0138142552897172,0.0132499090959771,0.0127094676066319,0.0121219823959861,0
1078,0.414056,31.9742,3.58552e-05,0.0137325416,0.0137092509511081,0.0137092509511081,0.0137092509511081,0.0137092509511081,0.0136801973907988,0.0136718349417446,0.013630473338332,0.0135959949034393,0.0135583696574272,0.0135359077392756,0.0135235268425243,0.0135208498407135,0.0132628610676046,0.0129647348916055,0.0126538595461,0.0123204805251395,0.011817158692468,0.0113351566804297,0.0108111979186457,0
1129,0.943405,14.6443,0.000121449,0.046514967,0.0464360767409227,0.0464360767409227,0.0464360767409227,0.0464360767409227,0.0463376663054486,0.0463093409558429,0.0461692406252671,0.046052455014274,0.0459250105012628,0.0458489273251098,0.0458069906595899,0.0457979230991549,0.0449240616089022,0.0439142464091846,0.0428612471277333,0.0417320232294804,0.0400271677759865,0.0383945269774402,0.0366197699642338,0
1046,0.750239,46.9417,1.61515e-05,0.0061860245,0.00617553288607574,0.00617553288607574,0.00617553288607574,0.00617553288607574,0.00616244528429591,0.00615867829663724,0.00614004635656944,0.00612451504057708,0.00610756619742563,0.00609744789740147,0.00609187074112069,0.00609066484644583,0.00597445002491732,0.00584015472237685,0.00570011636969908,0.00554994090680823,0.00532321221528252,0.00510608734922581,0.0048700624507186,0
1174,0.629191,15.688,0.000127996,0.049022468,0.0489393249720553,0.0489393249720553,0.0489393249720553,0.0489393249720553,0.0488356094857282,0.0488057571901298,0.0486581044147888,0.0485350231949791,0.048400708479441,0.0483205238569667,0.0482763264947828,0.0482667701257271,0.0473458010332983,0.0462815493202085,0.0451717855837541,0.0439816881594791,0.0421849283786213,0.0404642761571065,0.0385938466050941,0
1179,0.0509892,1.31863,0.000157836,0.060451188,0.0603486616479368,0.0603486616479368,0.0603486616479368,0.0603486616479368,0.0602207667332526,0.0601839549037573,0.0600018794994579,0.059850104073586,0.0596844762614539,0.0595855980146895,0.0595310968204517,0.0595193125532381,0.0583836358315234,0.0570712726843372,0.055702787191767,0.0542352396351413,0.0520195971402861,0.0498978053340188,0.0475913182658961,0
1109,0.870235,9.25285,0.00019134,0.07328322,0.073158930280267,0.073158930280267,0.073158930280267,0.073158930280267,0.0730038869886499,0.0729592610765917,0.0727385363505555,0.072554543408601,0.07235375762099,0.0722338903933874,0.072167820178066,0.0721535344530815,0.0707767865379488,0.0691858467993428,0.0675268715709515,0.0657478062785925,0.063061847213705,0.0604896606136189,0.0576935733102496,0
1104,0.200124,22.4351,1.66037e-05,0.0063592171,0.00634843174816802,0.00634843174816802,0.00634843174816802,0.00634843174816802,0.00633497772757106,0.00633110527405354,0.00631195168811392,0.00629598553566106,0.00627856216897477,0.00626816058286133,0.0062624272807074,0.00626118762411743,0.00614171908978855,0.00600366386799545,0.00585970480559531,0.00570532482025644,0.00547224831494823,0.00524904451724859,0.00500641153533705,0
1059,0.67774,3.38618,0.000151294,0.057945602,0.0578473251689281,0.0578473251689281,0.0578473251689281,0.0578473251689281,0.0577247312535842,0.0576894452039399,0.0575149164765388,0.0573694318514732,0.0572106689950354,0.0571158890622826,0.0570636468381954,0.0570523510062951,0.0559637459102771,0.0547057777028315,0.0533940133137636,0.0519872927935266,0.0498634844379131,0.0478296368395362,0.0456187492442819,0
1081,0.15525,5.59849,5.63908e-05,0.0215976764,0.0215610463345274,0.0215610463345274,0.0215610463345274,0.0215610463345274,0.0215153527249899,0.0215022007918776,0.0214371498674449,0.0213829243568817,0.0213237497400111,0.0212884230500441,0.0212689511555204,0.0212647409356999,0.0208589924443617,0.0203901183740587,0.0199011932130407,0.0193768756887993,0.0185852828151907,0.0178272204125142,0.017003171076741,0
1106,0.521164,46.1086,3.34069e-05,0.0127948427,0.0127731424060826,0.0127731424060826,0.0127731424060826,0.0127731424060826,0.0127460727095282,0.0127382812734378,0.0126997439636739,0.0126676198191533,0.0126325637371624,0.0126116355857785,0.0126001000935854,0.0125976058854429,0.0123572333552556,0.0120794641237638,0.011789816274086,0.0114792013670341,0.0110102478503372,0.0105611583733307,0.010072977078594,0
1098,0.777976,52.8554,2.05943e-05,0.0078876169,0.00787423935335477,0.00787423935335477,0.00787423935335477,0.00787423935335477,0.00785755173936633,0.00785274856480428,0.00782899152902814,0.00780918800731552,0.00778757703864302,0.00777467549351175,0.00776756422647196,0.0077660266258341,0.00761784454373617,0.00744660857499585,0.0072680498128653,0.00707656552128786,0.00678747047179474,0.00651062097614222,0.0062096726080447,0
1163,0.142261,13.1017,0.000143865,0.055100295,0.0550068438631264,0.0550068438631264,0.0550068438631264,0.0550068438631264,0.0548902696854924,0.0548567162892435,0.054690757458308,0.0545524165750934,0.0544014494624424,0.054311323515442,0.0542616465449852,0.0542509053731189,0.0532157541302498,0.0520195560248116,0.0507722032954684,0.0494345570725918,0.0474150342291192,0.0454810547934477,0.0433787285684073,0
1125,0.206825,18.7432,0.000103088,0.039482704,0.0394157405912625,0.0394157405912625,0.0394157405912625,0.0394157405912625,0.0393322081210721,0.0393081650771594,0.0391892455069827,0.0390901158717772,0.0389819387772166,0.0389173580687442,0.0388817615057827,0.0388740648045326,0.038132316142072,0.0372751676327514,0.0363813637321326,0.0354228590657863,0.0339757484350707,0.0325899348454936,0.0310834905686579,0
1118,0.349288,19.6823,4.97695e-05,0.0190617185,0.0190293894668326,0.0190293894668326,0.0190293894668326,0.0190293894668326,0.0189890611136282,0.0189774534553749,0.0189200406862076,0.0188721822314956,0.0188199557850834,0.0187887770875598,0.0187715915456896,0.0187678756818367,0.018409769403159,0.0179959496303956,0.0175644331276809,0.0171016799654145,0.0164030344146676,0.0157339822510165,0.0150066912138835,0
1180,0.397849,3.05603,0.000164652,0.063061716,0.0629547621433392,0.0629547621433392,0.0629547621433392,0.0629547621433392,0.0628213442064136,0.0627829426925001,0.0625930045322027,0.0624346748265547,0.0622618945323051,0.0621587463209576,0.0621018915436339,0.0620895983838652,0.0609048785253807,0.0595358422034358,0.0581082599451254,0.0565773377201987,0.0542660147769989,0.0520525953765735,0.0496465048221972,0
1141,0.212878,16.8029,0.000132057,0.050577831,0.0504920500471476,0.0504920500471476,0.0504920500471476,0.0504920500471476,0.0503850439221289,0.0503542444862102,0.0502019070494685,0.0500749207636125,0.0499363445706861,0.0498536158862734,0.0498080162498947,0.0497981566806239,0.0488479674915956,0.047749949674824,0.0466049758495094,0.0453771195449571,0.0435233529711521,0.0417481086633881,0.039818334956787,0
1067,0.232195,2.33047,0.000150552,0.057661416,0.0575636211537303,0.0575636211537303,0.0575636211537303,0.0575636211537303,0.057441628482885,0.0574065154886748,0.0572328427127042,0.0570880715963818,0.0569300873698928,0.0568357722718996,0.056783786262403,0.0567725458293108,0.0556892796428414,0.0544374809623428,0.0531321499359772,0.0517323284773422,0.0496189360390808,0.0475950631582605,0.0453950185481588,0
1089,0.219795,10.347,0.000118436,0.045360988,0.0452840549110155,0.0452840549110155,0.0452840549110155,0.0452840549110155,0.0451880859171514,0.0451604632845574,0.0450238386705048,0.0449099503665782,0.0447856675948551,0.0447114719485274,0.0446705756799907,0.044661733074554,0.0438095510108106,0.0428247880815667,0.0417979124144309,0.0406967031692871,0.0390341430783023,0.0374420060856829,0.0357112786065262,0
1136,0.102941,8.32447,0.000211819,0.081126677,0.0809890846296429,0.0809890846296429,0.0809890846296429,0.0809890846296429,0.0808174471519224,0.0807680449565306,0.0805236962017263,0.080320010610779,0.0800977348464539,0.0799650383047817,0.0798918966358197,0.0798760819186645,0.0783519815390497,0.0765907645196509,0.0747542302147348,0.0727847526817455,0.0698113171054656,0.0669638309894227,0.0638684802184789,0
1087,0.69065,15.6743,4.10003e-05,0.0157031149,0.0156764821217207,0.0156764821217207,0.0156764821217207,0.0156764821217207,0.0156432594737156,0.0156336970414894,0.0155864001878001,0.0155469742140465,0.015503949872415,0.0154782647449357,0.0154641072313513,0.0154610460888297,0.0151660367988495,0.0148251305243394,0.0144696456175942,0.0140884278340346,0.0135128810197349,0.0129617133482626,0.0123625682752808,0
1169,0.259858,5.58295,0.0001172,0.0448876,0.0448114697859689,0.0448114697859689,0.0448114697859689,0.0448114697859689,0.0447165023260676,0.0446891679637114,0.0445539691663275,0.0444412694025715,0.0443182836478522,0.0442448623084823,0.0442043928340615,0.0441956425101973,0.043352353832171,0.0423778679046879,0.0413617087285226,0.0402719917207643,0.0386267821336168,0.0370512607082478,0.0353385951288871,0
1175,0.474016,6.77917,0.000189214,0.072468962,0.0723460532771529,0.0723460532771529,0.0723460532771529,0.0723460532771529,0.072192732688776,0.0721486026201851,0.0719303303911049,0.0717483818151721,0.0715498269807568,0.0714312916112387,0.0713659555094208,0.0713518285147139,0.0699903777986383,0.068417115168239,0.0667765729979409,0.0650172750977193,0.0623611600224417,0.0598175532734676,0.0570525336068024,0
1207,0.281164,30.9928,3.27274e-05,0.0125345942,0.0125133352924345,0.0125133352924345,0.0125133352924345,0.0125133352924345,0.0124868161964688,0.0124791832390407,0.0124414297823726,0.0124099590464652,0.0123756160090164,0.0123551135385207,0.0123438126795006,0.0123413692038245,0.0121058858771928,0.0118337665022516,0.0115500101215175,0.0112457131556497,0.0107862982047758,0.0103463432568525,0.00986809162304726,0
878,0.143676,4.74147,0.000194227,0.074388941,0.07426277595665,0.07426277595665,0.07426277595665,0.07426277595665,0.0741053933215454,0.0740600940792473,0.0738360389869308,0.0736492698997718,0.0734454545910527,0.0733237787678293,0.0732567116636627,0.0732422103910246,0.0718446896566644,0.0702297453031042,0.0685457389182146,0.0667398305115093,0.0640133448247951,0.0614023482387444,0.0585640726629552,0
910,0.159203,18.8622,2.55147e-05,0.0097721301,0.00975555638351588,0.00975555638351588,0.00975555638351588,0.00975555638351588,0.00973488175681669,0.00972893100549239,0.00969949792737283,0.00967496293878662,0.00964818866714892,0.009632204678688,0.0096233943843279,0.00962148941941068,0.00943790360342742,0.0092257558551855,0.00900453574825627,0.00876730193820636,0.00840913616130198,0.00806614165181511,0.00769329055575951,0
922,0.157564,1.89632,9.23386e-05,0.0353656838,0.0353057029349716,0.0353057029349716,0.0353057029349716,0.0353057029349716,0.0352308807311077,0.0352093447519963,0.0351028254032581,0.0350140324134496,0.0349171353792283,0.034859288760734,0.0348274039944306,0.0348205098591476,0.0341561063103012,0.0333883361203397,0.0325877327440235,0.0317291752108103,0.030432960620505,0.0291916513825479,0.0278422901038247,0
983,0.830814,6.74424,0.000121408,0.046499264,0.0464204003735061,0.0464204003735061,0.0464204003735061,0.0464204003735061,0.046322023160437,0.0462937073731935,0.0461536543391253,0.0460369081538174,0.0459095066648331,0.0458334491736196,0.0457915266655097,0.0457824621661948,0.0449088956830735,0.0438994213871361,0.0428467775879904,0.0417179349047317,0.0400136549938408,0.038381565358933,0.0366074074864157,0
964,0.130176,8.59132,3.98275e-05,0.0152539325,0.0152280615435211,0.0152280615435211,0.0152280615435211,0.0152280615435211,0.0151957892183571,0.0151865003163372,0.0151405563734804,0.015102258166646,0.0150604645220549,0.0150355141091389,0.0150217615665408,0.0150187879869871,0.0147322173400238,0.0144010625765696,0.0140557461978262,0.0136854330226855,0.0131263495343568,0.0125909478315507,0.0120089411049125,0
1001,0.651602,55.4304,1.27472e-05,0.0048821776,0.00487389733494627,0.00487389733494627,0.00487389733494627,0.00487389733494627,0.00486356824616765,0.00486059523777323,0.00484589040748302,0.00483363267345102,0.00482025618870223,0.00481227055306046,0.00480786891070263,0.00480691718605791,0.00471519731031954,0.00460920783067097,0.00449868578075276,0.00438016324968368,0.00420122284311979,0.00402986203498444,0.00384358481081015,0
1035,0.55653,13.1927,7.00611e-05,0.0268334013,0.0267878913466019,0.0267878913466019,0.0267878913466019,0.0267878913466019,0.0267311206579936,0.0267147804233992,0.0266339598051108,0.0265665889056357,0.026493069133793,0.0264491785211673,0.0264249862353794,0.0264197553709145,0.0259156450262041,0.0253331061523646,0.0247256553873711,0.0240742324159355,0.0230907410046206,0.0221489085461316,0.0211250925527685,0
922,0.157564,1.89632,9.23386e-05,0.0353656838,0.0353057029349716,0.0353057029349716,0.0353057029349716,0.0353057029349716,0.0352308807311077,0.0352093447519963,0.0351028254032581,0.0350140324134496,0.0349171353792283,0.034859288760734,0.0348274039944306,0.0348205098591476,0.0341561063103012,0.0333883361203397,0.0325877327440235,0.0317291752108103,0.030432960620505,0.0291916513825479,0.0278422901038247,0
989,0.122846,0.880053,7.19262e-05,0.0275477346,0.027501013123887,0.027501013123887,0.027501013123887,0.027501013123887,0.0274427311399761,0.0274259559111903,0.0273429837632347,0.0272738193797205,0.027198342434404,0.027153283407614,0.0271284470977925,0.0271230769822266,0.0266055466911561,0.026007500021213,0.0253838782794323,0.0247151137449321,0.0237054407602299,0.0227385357333923,0.0216874646839536,0
981,0.168485,10.2509,7.84619e-05,0.0300509077,0.0299999407952194,0.0299999407952194,0.0299999407952194,0.0299999407952194,0.0299363629168744,0.0299180633775762,0.0298275518202344,0.029752102694007,0.0296697674040052,0.0296206140099139,0.0295935209053486,0.0295876628248366,0.0290231062384336,0.0283707170115259,0.0276904287891337,0.0269608957951829,0.0258594771082732,0.0248047125645432,0.0236581341053176,0
968,0.609602,33.0645,7.62835e-05,0.0292165805,0.0291670286298461,0.0291670286298461,0.0291670286298461,0.0291670286298461,0.0291052159145954,0.0290874244399299,0.0289994258267879,0.0289260714545313,0.0288460221045301,0.0287982333951289,0.0287718924979277,0.0287661970599542,0.0282173147061128,0.0275830382790722,0.0269216374385004,0.0262123590480454,0.0251415199222675,0.0241160396436657,0.0230012945521711,0
949,0.0738844,0.822242,0.000162409,0.062202647,0.0620971501405241,0.0620971501405241,0.0620971501405241,0.0620971501405241,0.0619655497122381,0.0619276713295086,0.0617403206342498,0.0615841478020669,0.0614137212368944,0.0613119781796783,0.0612558979162722,0.0612437722221726,0.060075191412364,0.058724805021608,0.057316670246507,0.05580660327114,0.0535267667196123,0.0513435000031213,0.048970186828391,0
947,0.154804,12.3042,0.000102458,0.039241414,0.0391748598236417,0.0391748598236417,0.0391748598236417,0.0391748598236417,0.0390918378440634,0.0390679417340098,0.0389497489150476,0.0388512250891525,0.0387437090954918,0.0386795230580416,0.0386441440357703,0.038636494371244,0.0378992787451926,0.0370473685134685,0.0361590269019366,0.0352063799294033,0.0337681130020999,0.0323907685123349,0.0308935305436477,0
953,0.867122,0.661758,0.00021605,0.08274715,0.0826068092769503,0.0826068092769503,0.0826068092769503,0.0826068092769503,0.0824317434091032,0.0823813544245721,0.0821321249008963,0.0819243707715493,0.0816976551375295,0.0815623080353891,0.0814877053907763,0.0814715747809567,0.0799170311044415,0.0781206344778824,0.0762474161330828,0.0742385990722792,0.0712057703068933,0.0683014067919534,0.0651442276245397,0
983,0.858133,2.58502,0.000104439,0.040000137,0.0399322960151605,0.0399322960151605,0.0399322960151605,0.0399322960151605,0.0398476688262131,0.0398233106908025,0.0397028326430211,0.0396024038834059,0.0394928090946931,0.0394273820361398,0.0393913189692538,0.0393835214003626,0.0386320518931579,0.0377636701885469,0.0368581527124417,0.0358870865471408,0.0344210110857747,0.0330170359821561,0.0314908492889577,0
1038,0.979781,12.7092,9.40544e-05,0.0360228352,0.0359617397938348,0.0359617397938348,0.0359617397938348,0.0359617397938348,0.0358855272728404,0.0358635911205299,0.0357550924706265,0.0356646495639695,0.0355659520266941,0.0355070305248031,0.0354745532881566,0.0354675310487295,0.0347907818111992,0.0340087452137771,0.0331932653364842,0.0323187544206609,0.0309984540743007,0.0297340793102203,0.0283596447243208,0
942,0.0169151,1.33362,0.000234236,0.089712388,0.0895602341022714,0.0895602341022714,0.0895602341022714,0.0895602341022714,0.0893704320720884,0.0893158015968252,0.0890455931880877,0.0888203513633169,0.0885745519499855,0.0884278120110039,0.0883469296918023,0.0883294412885544,0.0866440439610274,0.0846964357211815,0.0826655392980735,0.0804876301425337,0.0771995131386506,0.074050674942467,0.0706277403465016,0
973,0.438206,41.7349,3.5994e-05,0.013785702,0.0137623211900697,0.0137623211900697,0.0137623211900697,0.0137623211900697,0.0137331551597652,0.0137247603386163,0.0136832386192218,0.0136486267139604,0.013610855815877,0.0135883069448081,0.0135758781200445,0.0135731907552222,0.0133142032750441,0.0130149230150285,0.0127028442318638,0.0123681746586791,0.0118629044037321,0.011379036501132,0.0108530494289178,0
1009,0.661186,3.49235,3.81383e-05,0.0146069689,0.0145821952059575,0.0145821952059575,0.0145821952059575,0.0145821952059575,0.014551291643876,0.014542396711181,0.0144984013844381,0.014461727515837,0.0144217064611509,0.0143978142677439,0.0143846450104376,0.0143817975490329,0.014107381195883,0.0137902716681686,0.0134596011604182,0.0131049940430378,0.0125696229099532,0.012056929149056,0.0114996070188057,0
