"Population","shapeRisk","v_to_h","aImp","aImp_2000","aImp_2001","aImp_2002","aImp_2003","aImp_2004","aImp_2005","aImp_2006","aImp_2007","aImp_2008","aImp_2009","aImp_2010","aImp_2011","aImp_2012","aImp_2013","aImp_2014","aImp_2015","aImp_2016","aImp_2017","aImp_2018","aImp_2019","aImp_2020"
764,0.152676,9.29095,7.2123e-05,7.2123e-05,7.20210794177251e-05,7.20210794177251e-05,7.20210794177251e-05,7.18446688826005e-05,7.1599296615722e-05,7.1599296615722e-05,7.1488667871264e-05,7.1139142190308e-05,7.1139142190308e-05,7.1016956439636e-05,7.08053136128458e-05,7.04728639072053e-05,7.02778124124254e-05,6.99067725691788e-05,6.9523074545694e-05,6.9077835043879e-05,6.89674777371891e-05,6.85094932803053e-05,6.81135533921757e-05,0
303,0.387631,0.418272,0.000105016,0.000105016,0.000104867596690817,0.000104867596690817,0.000104867596690817,0.000104610730937082,0.000104253452205214,0.000104253452205214,0.000104092369218816,0.000103583436022592,0.000103583436022592,0.000103405525248046,0.000103097358878119,0.000102613289464929,0.000102329281204377,0.000101789021922617,0.000101230331468333,0.000100582032430265,0.000100421344675744,9.97544881150887e-05,9.91779726721396e-05,0
287,0.281152,7.61634,2.30147e-05,2.30147e-05,2.29821767879195e-05,2.29821767879195e-05,2.29821767879195e-05,2.29258835729571e-05,2.28475844296806e-05,2.28475844296806e-05,2.28122824127779e-05,2.27007475530314e-05,2.27007475530314e-05,2.26617576552735e-05,2.25942216935729e-05,2.24881358369058e-05,2.24258942269213e-05,2.23074941232045e-05,2.21850547501738e-05,2.20429772774893e-05,2.20077618773219e-05,2.18616174451734e-05,2.17352716505817e-05,0
949,0.311698,10.3802,1.43112e-05,1.43112e-05,1.42909761346997e-05,1.42909761346997e-05,1.42909761346997e-05,1.42559714004225e-05,1.42072827492883e-05,1.42072827492883e-05,1.41853309435164e-05,1.4115975371434e-05,1.4115975371434e-05,1.40917303356616e-05,1.40497345392754e-05,1.39837673134617e-05,1.39450636966946e-05,1.38714391191719e-05,1.3795302808235e-05,1.37069549641579e-05,1.36850570191542e-05,1.35941802231342e-05,1.35156147873231e-05,0
604,0.369318,22.4183,3.88881e-05,3.88881e-05,3.88331453004511e-05,3.88331453004511e-05,3.88331453004511e-05,3.87380262603255e-05,3.86057236487925e-05,3.86057236487925e-05,3.85460735832467e-05,3.83576123485007e-05,3.83576123485007e-05,3.82917308448097e-05,3.81776148566713e-05,3.79983608406443e-05,3.78931907557317e-05,3.76931292701008e-05,3.74862426027814e-05,3.72461733007483e-05,3.71866695921077e-05,3.69397283201453e-05,3.67262409449173e-05,0
1707,0.954275,0.502455,0.00024186,0.00024186,0.000241518215658958,0.000241518215658958,0.000241518215658958,0.000240926633888576,0.00024010379323487,0.00024010379323487,0.000239732806612924,0.000238560693955436,0.000238560693955436,0.000238150951631107,0.000237441220559362,0.000236326371124283,0.000235672278053731,0.000234428018989526,0.000233141311504257,0.000231648228494552,0.000231278152122299,0.000229742329697526,0.000228414569879672,0
420,0.726744,15.5942,2.65e-08,2.65e-08,2.64625515379243e-08,2.64625515379243e-08,2.64625515379243e-08,2.63977333914134e-08,2.6307576782949e-08,2.6307576782949e-08,2.62669286994231e-08,2.6138503224258e-08,2.6138503224258e-08,2.60936087745983e-08,2.60158453023365e-08,2.58936940163462e-08,2.58220266618038e-08,2.56856962838933e-08,2.55447149378269e-08,2.53811215376897e-08,2.53405731879638e-08,2.51722969361797e-08,2.50268175879075e-08,0
375,0.529717,58.6577,5.5104e-06,5.5104e-06,5.50261298092748e-06,5.50261298092748e-06,5.50261298092748e-06,5.48913472000169e-06,5.47038758885896e-06,5.47038758885896e-06,5.46193524170948e-06,5.43523049686609e-06,5.43523049686609e-06,5.42589516194515e-06,5.40972505486773e-06,5.38432496255375e-06,5.36942247989447e-06,5.3410739925572e-06,5.31175838465666e-06,5.27774083476548e-06,5.26930922622474e-06,5.23431792592924e-06,5.20406700514739e-06,0
380,0.310873,7.10091,3.62129e-05,3.62129e-05,3.61617257580264e-05,3.61617257580264e-05,3.61617257580264e-05,3.60731501709402e-05,3.59499489540851e-05,3.59499489540851e-05,3.58944023509185e-05,3.57189057890465e-05,3.57189057890465e-05,3.56575564224019e-05,3.55512907301502e-05,3.53843680016809e-05,3.52864328038201e-05,3.51001339984528e-05,3.49074795310201e-05,3.46839251370643e-05,3.46285148225816e-05,3.4398561196988e-05,3.41997600992127e-05,0
438,0.206413,6.48793,9.48e-07,9.48e-07,9.46660334262349e-07,9.46660334262349e-07,9.46660334262349e-07,9.44341556794715e-07,9.41116331707007e-07,9.41116331707007e-07,9.39662204039741e-07,9.35067964399871e-07,9.35067964399871e-07,9.33461928993177e-07,9.30680050815659e-07,9.26310261414952e-07,9.23746463222263e-07,9.18869436872863e-07,9.13826028719243e-07,9.07973706329427e-07,9.06523146497723e-07,9.0050330171692e-07,8.95298983899485e-07,0
455,0.175618,14.5542,1.05956e-05,1.05956e-05,1.05806268330276e-05,1.05806268330276e-05,1.05806268330276e-05,1.05547103366815e-05,1.05186626626949e-05,1.05186626626949e-05,1.05024101784003e-05,1.04510613118094e-05,1.04510613118094e-05,1.04331109861183e-05,1.04020185088844e-05,1.03531782762113e-05,1.03245232338795e-05,1.02700137187026e-05,1.02136445884996e-05,1.01482343911224e-05,1.01320217837883e-05,1.00647392232825e-05,1.00065716390352e-05,0
766,0.074873,2.1401,9.65329e-05,9.65329e-05,9.63964845794451e-05,9.63964845794451e-05,9.63964845794451e-05,9.61603682150934e-05,9.58319501445563e-05,9.58319501445563e-05,9.56838792999451e-05,9.52160572791312e-05,9.52160572791312e-05,9.505251798028e-05,9.47692450183364e-05,9.43242783060585e-05,9.40632119826882e-05,9.35665943699413e-05,9.30530344385567e-05,9.24571044258734e-05,9.23093968866561e-05,9.16964084117187e-05,9.11664633785555e-05,0
825,0.750875,14.8453,1.04324e-05,1.04324e-05,1.0417657459028e-05,1.0417657459028e-05,1.0417657459028e-05,1.03921401446257e-05,1.03566476992618e-05,1.03566476992618e-05,1.03406455458061e-05,1.02900875862924e-05,1.02900875862924e-05,1.0272413742646e-05,1.02418001710225e-05,1.01937122058917e-05,1.01654985262869e-05,1.01118286004562e-05,1.00563277025429e-05,9.99192499357713e-06,9.9759621028722e-06,9.90971587007553e-06,9.85244421902214e-06,0
418,0.0912305,0.0103954,0.000168252,0.000168252,0.000168014234768258,0.000168014234768258,0.000168014234768258,0.000167602695795173,0.000167030279580556,0.000167030279580556,0.000166772199529636,0.000165956809225957,0.000165956809225957,0.000165671768435612,0.000165178037879574,0.000164402483231633,0.000163947457732144,0.000163081878156891,0.000162186768970538,0.000161148092866391,0.000160890646038539,0.000159822237890797,0.000158898570294363,0
455,0.327467,18.3189,2.49197e-05,2.49197e-05,2.48844847380986e-05,2.48844847380986e-05,2.48844847380986e-05,2.48235319544908e-05,2.47387517418134e-05,2.47387517418134e-05,2.47005276645666e-05,2.45797607093412e-05,2.45797607093412e-05,2.45375434935984e-05,2.44644173653069e-05,2.4349550444496e-05,2.42821568982699e-05,2.41539564409712e-05,2.40213823711761e-05,2.38675446936893e-05,2.38294144027208e-05,2.36711731305856e-05,2.35343692922785e-05,0
426,0.726316,5.27747,1.01207e-05,1.01207e-05,1.0106397937731e-05,1.0106397937731e-05,1.0106397937731e-05,1.00816430314897e-05,1.00472110319695e-05,1.00472110319695e-05,1.00316869920095e-05,9.98263960685842e-06,9.98263960685842e-06,9.96549382358781e-06,9.93579492646629e-06,9.88914373702775e-06,9.86177302777801e-06,9.80970665586412e-06,9.75586401778359e-06,9.69338553760362e-06,9.67789958729905e-06,9.6136326642262e-06,9.5580721796957e-06,0
680,0.205309,10.1923,7.374e-06,7.374e-06,7.36357943549637e-06,7.36357943549637e-06,7.36357943549637e-06,7.3455428689918e-06,7.32045551688552e-06,7.32045551688552e-06,7.30914461243571e-06,7.27340840662938e-06,7.27340840662938e-06,7.26091589071275e-06,7.2392771041294e-06,7.20528678024668e-06,7.18534432468457e-06,7.14740846782752e-06,7.1081784132655e-06,7.06265623467637e-06,7.05137308256773e-06,7.00454783424111e-06,6.96406614691435e-06,0
698,0.0731997,4.03269,3.5407e-06,3.5407e-06,3.53569646152183e-06,3.53569646152183e-06,3.53569646152183e-06,3.52703602335764e-06,3.51499007982595e-06,3.51499007982595e-06,3.50955903569991e-06,3.49239993834454e-06,3.49239993834454e-06,3.48640153163095e-06,3.47601145139557e-06,3.45969065674253e-06,3.45011508684712e-06,3.43189980499551e-06,3.4130631011458e-06,3.39120517088671e-06,3.38578745232541e-06,3.36330384007289e-06,3.34386615220771e-06,0
409,0.39573,42.7362,4.1221e-06,4.1221e-06,4.11627485639539e-06,4.11627485639539e-06,4.11627485639539e-06,4.10619233255643e-06,4.09216838705639e-06,4.09216838705639e-06,4.08584553931669e-06,4.06586883549864e-06,4.06586883549864e-06,4.05888546150082e-06,4.04678928002872e-06,4.02778853225588e-06,4.01664060764609e-06,3.99543428874855e-06,3.97350450736666e-06,3.94805739964191e-06,3.94175006558888e-06,3.9155745358727e-06,3.89294508600429e-06,0
457,0.853371,57.4254,7.879e-07,7.879e-07,7.86786579499267e-07,7.86786579499267e-07,7.86786579499267e-07,7.8485940147527e-07,7.82178858388134e-07,7.82178858388134e-07,7.80970306500962e-07,7.77151950580864e-07,7.77151950580864e-07,7.75817145415321e-07,7.73505075989091e-07,7.69873264735064e-07,7.6774244554095e-07,7.63689060455832e-07,7.59497392434484e-07,7.54633421114932e-07,7.53427834520628e-07,7.48424632302491e-07,7.44099229340089e-07,0
465,0.30674,1.48222,4.75347e-05,4.75347e-05,4.74675263618781e-05,4.74675263618781e-05,4.74675263618781e-05,4.73512580166347e-05,4.71895384945075e-05,4.71895384945075e-05,4.71166254961687e-05,4.68862607250618e-05,4.68862607250618e-05,4.68057307553924e-05,4.66662415733198e-05,4.6447131205993e-05,4.63185770098432e-05,4.607403272249e-05,4.58211457039669e-05,4.55276980361365e-05,4.54549639365246e-05,4.51531163461216e-05,4.48921609809777e-05,0
412,0.780317,22.3286,4.8714e-06,4.8714e-06,4.86451598346583e-06,4.86451598346583e-06,4.86451598346583e-06,4.85260069595968e-06,4.8360275298286e-06,4.8360275298286e-06,4.82855533835358e-06,4.80494734364719e-06,4.80494734364719e-06,4.79669455790861e-06,4.78239957757743e-06,4.75994494457468e-06,4.74677059170984e-06,4.72170946707011e-06,4.69579337162755e-06,4.66572058334723e-06,4.65826672557912e-06,4.62733310546815e-06,4.60059015840501e-06,0
426,0.590029,3.70786,5.34075e-05,5.34075e-05,5.33320272174224e-05,5.33320272174224e-05,5.33320272174224e-05,5.3201394192525e-05,5.30196946051076e-05,5.30196946051076e-05,5.29377733779035e-05,5.26789475830023e-05,5.26789475830023e-05,5.25884683256362e-05,5.24317455843221e-05,5.21855646482268e-05,5.2041127884539e-05,5.17663707276239e-05,5.14822401147921e-05,5.11525376801571e-05,5.10708174541953e-05,5.07316773063781e-05,5.04384815217424e-05,0
382,0.257389,15.3819,4.16629e-05,4.16629e-05,4.16040240931844e-05,4.16040240931844e-05,4.16040240931844e-05,4.15021179816271e-05,4.13603751226539e-05,4.13603751226539e-05,4.12964688192904e-05,4.10945602257336e-05,4.10945602257336e-05,4.10239778496306e-05,4.09017192923288e-05,4.0709674884288e-05,4.05970005512477e-05,4.03826639889139e-05,4.01610152446487e-05,3.99038161702872e-05,3.98400666668987e-05,3.95755052838628e-05,3.93467848484239e-05,0
383,0.214531,24.6455,5.7324e-06,5.7324e-06,5.72429926173575e-06,5.72429926173575e-06,5.72429926173575e-06,5.71027799595994e-06,5.69077559058781e-06,5.69077559058781e-06,5.68198271987069e-06,5.65420210878251e-06,5.65420210878251e-06,5.64449067696254e-06,5.62766911740051e-06,5.6012457199737e-06,5.58574285419336e-06,5.55625227840717e-06,5.52575561923015e-06,5.49036758877934e-06,5.48159629217674e-06,5.44519528139459e-06,5.41372562795929e-06,0
462,0.536907,42.1199,7.9273e-06,7.9273e-06,7.91609753987122e-06,7.91609753987122e-06,7.91609753987122e-06,7.89670761938686e-06,7.86973786533856e-06,7.86973786533856e-06,7.85757825958253e-06,7.81916062677964e-06,7.81916062677964e-06,7.80573074863672e-06,7.78246831944196e-06,7.74592756889742e-06,7.72448875306102e-06,7.68370642080406e-06,7.64153278213719e-06,7.59259489681991e-06,7.58046512577152e-06,7.53012639630859e-06,7.48660720998564e-06,0
342,0.799251,0.220171,4.49933e-05,4.49933e-05,4.49297177400487e-05,4.49297177400487e-05,4.49297177400487e-05,4.48196655773541e-05,4.46665922440853e-05,4.46665922440853e-05,4.45975774736512e-05,4.43795289479248e-05,4.43795289479248e-05,4.43033044406843e-05,4.41712729223251e-05,4.39638770937989e-05,4.38421959321711e-05,4.36107259852867e-05,4.33713593438539e-05,4.30936005917635e-05,4.30247551553966e-05,4.27390455750421e-05,4.24920419538868e-05,0
583,0.462882,5.08274,2.65489e-05,2.65489e-05,2.65113824349132e-05,2.65113824349132e-05,2.65113824349132e-05,2.64464446805772e-05,2.63561217076542e-05,2.63561217076542e-05,2.631539861691e-05,2.61867361603964e-05,2.61867361603964e-05,2.6141758867771e-05,2.60638518998944e-05,2.59414752102104e-05,2.58696756091156e-05,2.57330936630738e-05,2.55918521665235e-05,2.5427956890263e-05,2.53873337173559e-05,2.5218746948262e-05,2.50729991494188e-05,0
809,0.900603,77.5067,2.103e-06,2.103e-06,2.10002814657565e-06,2.10002814657565e-06,2.10002814657565e-06,2.09488427630726e-06,2.08772958394498e-06,2.08772958394498e-06,2.08450381339196e-06,2.07431216153263e-06,2.07431216153263e-06,2.07074940577284e-06,2.06457821399297e-06,2.05488447231608e-06,2.04919705923673e-06,2.03837808622746e-06,2.02719001940566e-06,2.0142074941042e-06,2.01098963827501e-06,1.99763548893532e-06,1.98609046744791e-06,0
557,0.709862,64.5491,1.7237e-06,1.7237e-06,1.72126415418567e-06,1.72126415418567e-06,1.72126415418567e-06,1.71704803950111e-06,1.71118377738752e-06,1.71118377738752e-06,1.7085398112904e-06,1.70018633991145e-06,1.70018633991145e-06,1.69726616772736e-06,1.69220802066556e-06,1.68426265569721e-06,1.67960103233778e-06,1.67073338432253e-06,1.66156321276726e-06,1.65092223375531e-06,1.64828475487144e-06,1.63733917844879e-06,1.62787643306703e-06,0
553,0.438632,37.9534,2.3407e-06,2.3407e-06,2.33739224093658e-06,2.33739224093658e-06,2.33739224093658e-06,2.33166696412383e-06,2.32370358399429e-06,2.32370358399429e-06,2.3201132078015e-06,2.30876960366116e-06,2.30876960366116e-06,2.30480415315858e-06,2.29793543770487e-06,2.28714602204006e-06,2.28081576631261e-06,2.26877393553619e-06,2.25632129264043e-06,2.24187136540642e-06,2.23828979853082e-06,2.22342624296286e-06,2.21057629917038e-06,0
520,0.357702,29.9579,1.38333e-05,1.38333e-05,1.38137514788516e-05,1.38137514788516e-05,1.38137514788516e-05,1.37799156725826e-05,1.37328529023234e-05,1.37328529023234e-05,1.37116341425559e-05,1.36445945906464e-05,1.36445945906464e-05,1.36211591796849e-05,1.35805657668231e-05,1.35168014126914e-05,1.34793902422917e-05,1.34082242416597e-05,1.33346303829978e-05,1.32492327761254e-05,1.32280660785305e-05,1.31402239700851e-05,1.3064282103351e-05,0
388,0.535418,20.9225,1.06883e-05,1.06883e-05,1.06731958340678e-05,1.06731958340678e-05,1.06731958340678e-05,1.06470525965073e-05,1.06106895444979e-05,1.06106895444979e-05,1.05942948686054e-05,1.05424967551637e-05,1.05424967551637e-05,1.05243893836052e-05,1.0493024880942e-05,1.0443757349242e-05,1.04148516063908e-05,1.03598651921184e-05,1.03030028932066e-05,1.02370204275958e-05,1.02206659775439e-05,1.01527947676592e-05,1.00941182801823e-05,0
333,0.901707,0.68563,2.38309e-05,2.38309e-05,2.37972233752876e-05,2.37972233752876e-05,2.37972233752876e-05,2.37389337614126e-05,2.36578577945955e-05,2.36578577945955e-05,2.36213038167201e-05,2.35058134523385e-05,2.35058134523385e-05,2.34654408055311e-05,2.33955097288849e-05,2.32856616126093e-05,2.32212126481049e-05,2.30986135687484e-05,2.29718319702589e-05,2.28247158208502e-05,2.27882515315112e-05,2.26369241908078e-05,2.25060976322893e-05,0
333,0.407772,6.48761,7.78523e-05,7.78523e-05,7.77422830602244e-05,7.77422830602244e-05,7.77422830602244e-05,7.7551858841824e-05,7.72869947161956e-05,7.72869947161956e-05,7.71675778560793e-05,7.67902865873925e-05,7.67902865873925e-05,7.66583946567041e-05,7.64299393672109e-05,7.60710805535393e-05,7.58605345767074e-05,7.54600201057565e-05,7.50458419152522e-05,7.45652335203275e-05,7.44461096604269e-05,7.39517438779074e-05,7.35243513546813e-05,0
462,0.536907,42.1199,7.9273e-06,7.9273e-06,7.91609753987122e-06,7.91609753987122e-06,7.91609753987122e-06,7.89670761938686e-06,7.86973786533856e-06,7.86973786533856e-06,7.85757825958253e-06,7.81916062677964e-06,7.81916062677964e-06,7.80573074863672e-06,7.78246831944196e-06,7.74592756889742e-06,7.72448875306102e-06,7.68370642080406e-06,7.64153278213719e-06,7.59259489681991e-06,7.58046512577152e-06,7.53012639630859e-06,7.48660720998564e-06,0
492,0.961407,66.4948,4.0592e-06,4.0592e-06,4.05346374349971e-06,4.05346374349971e-06,4.05346374349971e-06,4.04353507103492e-06,4.02972511989988e-06,4.02972511989988e-06,4.02349875383768e-06,4.00382687878899e-06,4.00382687878899e-06,3.99695006557922e-06,3.9850384623111e-06,3.96632765098689e-06,3.95534983492807e-06,3.93446710775773e-06,3.91287195757083e-06,3.88781315267132e-06,3.88160206356915e-06,3.85582595182418e-06,3.83354180954092e-06,0
360,0.0950049,13.7871,7.6653e-06,7.6653e-06,7.65446778504344e-06,7.65446778504344e-06,7.65446778504344e-06,7.63571870812081e-06,7.60964031374865e-06,7.60964031374865e-06,7.59788258715805e-06,7.56073467037377e-06,7.56073467037377e-06,7.54774865433692e-06,7.52525505645282e-06,7.48992199032071e-06,7.46919173474432e-06,7.42975727263877e-06,7.38897748728018e-06,7.34165701595671e-06,7.32992813802637e-06,7.28125312093957e-06,7.23917225873916e-06,0
314,0.385608,22.7536,1.63346e-05,1.63346e-05,1.63115167679765e-05,1.63115167679765e-05,1.63115167679765e-05,1.62715628624672e-05,1.62159903290098e-05,1.62159903290098e-05,1.61909348503244e-05,1.61117733874326e-05,1.61117733874326e-05,1.60841004486624e-05,1.60361670443602e-05,1.59608729916758e-05,1.59166972343358e-05,1.58326631893918e-05,1.57457622876765e-05,1.56449233158319e-05,1.56199293130609e-05,1.55162038314612e-05,1.54265303611862e-05,0
284,0.732391,31.6712,1.0745e-06,1.0745e-06,1.07298157084904e-06,1.07298157084904e-06,1.07298157084904e-06,1.07035337845561e-06,1.06669778314259e-06,1.06669778314259e-06,1.06504961839737e-06,1.05984232884774e-06,1.05984232884774e-06,1.05802198597381e-06,1.05486889725889e-06,1.04991600832317e-06,1.04701009992861e-06,1.04148228894503e-06,1.03576589436585e-06,1.02913264499047e-06,1.02748852416857e-06,1.02066539841227e-06,1.01476662257384e-06,0
541,0.169821,16.2019,1.64712e-05,1.64712e-05,1.64479237317532e-05,1.64479237317532e-05,1.64479237317532e-05,1.64076357070434e-05,1.63515984417853e-05,1.63515984417853e-05,1.63263334337335e-05,1.62465099738641e-05,1.62465099738641e-05,1.62186056169118e-05,1.61702713639187e-05,1.60943476559261e-05,1.60498024736567e-05,1.59650656841986e-05,1.58774380635447e-05,1.57757558140224e-05,1.57505527959845e-05,1.56459598979322e-05,1.55555365227903e-05,0
387,0.305079,6.17785,7.28849e-05,7.28849e-05,7.27819027391117e-05,7.27819027391117e-05,7.27819027391117e-05,7.26036286211256e-05,7.23556642667005e-05,7.23556642667005e-05,7.22438668514938e-05,7.18906488169707e-05,7.18906488169707e-05,7.17671723085177e-05,7.15532937085382e-05,7.12173320381884e-05,7.10202200393547e-05,7.06452605691296e-05,7.02575091989442e-05,6.98075662325418e-05,6.96960431225442e-05,6.92332205646704e-05,6.88330980080333e-05,0
350,0.508354,0.478984,0.000101535,0.000101535,0.00010139151586427,0.00010139151586427,0.00010139151586427,0.000101143164524421,0.000100797728628556,0.000100797728628556,0.000100641985113054,0.000100149921693398,0.000100149921693398,9.99779081859939e-05,9.9679956708405e-05,9.92119329037628e-05,9.89373387587262e-05,9.84149876296267e-05,9.78748162721607e-05,9.72480066162009e-05,9.70926452316944e-05,9.64478931854721e-05,9.58904876901205e-05,0
318,0.994949,50.0043,8.9791e-06,8.9791e-06,8.9664111892142e-06,8.9664111892142e-06,8.9664111892142e-06,8.9444485998053e-06,8.91390047893501e-06,8.91390047893501e-06,8.90012752773549e-06,8.85661261512963e-06,8.85661261512963e-06,8.84140085086776e-06,8.81505194544186e-06,8.77366294121413e-06,8.74937960750952e-06,8.70318624538515e-06,8.65541697729214e-06,8.59998597732338e-06,8.58624681932247e-06,8.52922911017553e-06,8.47993576617286e-06,0
440,0.77493,43.6542,4.06731e-05,4.06731e-05,4.06156228285717e-05,4.06156228285717e-05,4.06156228285717e-05,4.05161377359358e-05,4.03777623113421e-05,4.03777623113421e-05,4.03153742522456e-05,4.01182624713422e-05,4.01182624713422e-05,4.00493569452873e-05,3.99300029270363e-05,3.97425209847642e-05,3.96325234950268e-05,3.94232790009216e-05,3.92068960429332e-05,3.89558073364003e-05,3.88935723521271e-05,3.86352962458465e-05,3.84120096013103e-05,0
401,0.154869,17.2468,1.4787e-05,1.4787e-05,1.47661037581618e-05,1.47661037581618e-05,1.47661037581618e-05,1.47299352324087e-05,1.46796278448856e-05,1.46796278448856e-05,1.46569462142781e-05,1.4585284799136e-05,1.4585284799136e-05,1.45602336962259e-05,1.45168416787037e-05,1.44486812611212e-05,1.44086908772865e-05,1.43326185264125e-05,1.42539509353074e-05,1.41626658180308e-05,1.41400398388838e-05,1.40461416903883e-05,1.39649642140524e-05,0
386,0.917774,30.8595,1.50763e-05,1.50763e-05,1.50549949340079e-05,1.50549949340079e-05,1.50549949340079e-05,1.50181187897723e-05,1.49668271642556e-05,1.49668271642556e-05,1.49437017792873e-05,1.48706383456559e-05,1.48706383456559e-05,1.48450971308859e-05,1.48008561710044e-05,1.47313622301374e-05,1.46905894551454e-05,1.4613028788108e-05,1.45328221063079e-05,1.44397510429687e-05,1.44166823982528e-05,1.43209471810916e-05,1.42381815094555e-05,0
337,0.946592,18.2058,1.27145e-05,1.27145e-05,1.2696532510526e-05,1.2696532510526e-05,1.2696532510526e-05,1.26654332530236e-05,1.26221767927096e-05,1.26221767927096e-05,1.26026741490119e-05,1.25410565752765e-05,1.25410565752765e-05,1.25195165571559e-05,1.24822062300588e-05,1.24235989649371e-05,1.23892135091134e-05,1.23238032227004e-05,1.22561614368679e-05,1.21776705581493e-05,1.21582157659761e-05,1.20774780903795e-05,1.20076781970359e-05,0
386,0.202359,7.06544,2.74278e-05,2.74278e-05,2.73890404178068e-05,2.73890404178068e-05,2.73890404178068e-05,2.73219529023777e-05,2.72286397919762e-05,2.72286397919762e-05,2.71865685653599e-05,2.70536467446907e-05,2.70536467446907e-05,2.70071804810539e-05,2.69266944069217e-05,2.6800266443077e-05,2.6726089919797e-05,2.6584986435297e-05,2.6439069146103e-05,2.62697481249602e-05,2.6227780123956e-05,2.60536122983453e-05,2.59030395259476e-05,0
607,0.146114,0.296038,3.7363e-06,3.7363e-06,3.73102004947723e-06,3.73102004947723e-06,3.73102004947723e-06,3.72188118001276e-06,3.70916977864651e-06,3.70916977864651e-06,3.70343870564735e-06,3.68533168289793e-06,3.68533168289793e-06,3.67900190432195e-06,3.66803784162716e-06,3.65081543219904e-06,3.64071087609424e-06,3.62148932171738e-06,3.60161201593218e-06,3.57854658118e-06,3.57282956989393e-06,3.54910388840182e-06,3.52859239825279e-06,0
397,0.129389,1.26686,0.000102786,0.000102786,0.00010264074801423,0.00010264074801423,0.00010264074801423,0.000102389336768673,0.00010203964480046,0.00010203964480046,0.000101881982388638,0.000101383856317305,0.000101383856317305,0.000101209723453051,0.000100908100952678,0.00010043431068544,0.000100156333300383,9.96275463485381e-05,9.90807196075275e-05,9.84461871084141e-05,9.82889115357753e-05,9.76362155804593e-05,9.70719423619119e-05,0
879,0.46098,20.5332,1.14709e-05,1.14709e-05,1.14546899032595e-05,1.14546899032595e-05,1.14546899032595e-05,1.14266324513043e-05,1.13876068875294e-05,1.13876068875294e-05,1.13700117893665e-05,1.13144210050997e-05,1.13144210050997e-05,1.12949878072656e-05,1.12613267878706e-05,1.12084518751738e-05,1.11774296465994e-05,1.11184171133174e-05,1.10573913426535e-05,1.09865776244032e-05,1.09690256974269e-05,1.08961849405745e-05,1.08332121460049e-05,0
392,0.542911,10.2867,7.025e-06,7.025e-06,7.01507262467616e-06,7.01507262467616e-06,7.01507262467616e-06,6.9978897009313e-06,6.97398969434781e-06,6.97398969434781e-06,6.96321411748859e-06,6.92916925095896e-06,6.92916925095896e-06,6.9172679864737e-06,6.89665333014769e-06,6.86427171565405e-06,6.84527310562911e-06,6.80913269412644e-06,6.77175933729186e-06,6.72839165291585e-06,6.71764251492247e-06,6.67303343308161e-06,6.63446768132266e-06,0
376,0.391302,2.52647,5.94445e-05,5.94445e-05,5.93604960338167e-05,5.93604960338167e-05,5.93604960338167e-05,5.92150967013538e-05,5.90128584178873e-05,5.90128584178873e-05,5.8921677097089e-05,5.86335945250719e-05,5.86335945250719e-05,5.85328878038343e-05,5.83584496631978e-05,5.80844412813092e-05,5.79236778829281e-05,5.76178631225621e-05,5.73016153630813e-05,5.69346444998942e-05,5.68436869008269e-05,5.64662115178391e-05,5.6139873890731e-05,0
496,0.600039,37.1613,2.00778e-05,2.00778e-05,2.00494270667221e-05,2.00494270667221e-05,2.00494270667221e-05,2.00003174145706e-05,1.99320100050073e-05,1.99320100050073e-05,1.99012128694822e-05,1.9803910944755e-05,1.9803910944755e-05,1.97698965379106e-05,1.97109788230661e-05,1.96184305555244e-05,1.95641315815232e-05,1.94608404848586e-05,1.93540255690076e-05,1.92300785663934e-05,1.91993569944641e-05,1.90718620160464e-05,1.8961639176094e-05,0
529,0.258888,5.66953,1.8778e-05,1.8778e-05,1.87514638784582e-05,1.87514638784582e-05,1.87514638784582e-05,1.87055334952438e-05,1.86416481822723e-05,1.86416481822723e-05,1.86128447968969e-05,1.85218420205705e-05,1.85218420205705e-05,1.84900296441286e-05,1.84349261542368e-05,1.83483692920358e-05,1.82975855341642e-05,1.82009813139226e-05,1.81010814000949e-05,1.7985158499424e-05,1.79564257857956e-05,1.78371845987767e-05,1.77340973836124e-05,0
335,0.784252,0.310141,0.000162772,0.000162772,0.000162541978827586,0.000162541978827586,0.000162541978827586,0.000162143843758006,0.000161590071249592,0.000161590071249592,0.000161340396915566,0.000160551564030903,0.000160551564030903,0.000160275807073921,0.000159798157417053,0.000159047862733159,0.000158607657501703,0.000157770270019694,0.000156904314711697,0.000155899468488031,0.000155650406752877,0.000154616796863994,0.000153723213298826,0
437,0.147321,8.44739,2.65509e-05,2.65509e-05,2.65133796086141e-05,2.65133796086141e-05,2.65133796086141e-05,2.64484369623426e-05,2.63581071851472e-05,2.63581071851472e-05,2.63173810266232e-05,2.61887088776208e-05,2.61887088776208e-05,2.61437281967352e-05,2.60658153599172e-05,2.59434294512682e-05,2.58716244413164e-05,2.57350322061895e-05,2.55937800695377e-05,2.54298724466055e-05,2.53892462134456e-05,2.52206467442572e-05,2.50748879658406e-05,0
515,0.115462,11.8211,5.3556e-06,5.3556e-06,5.34803173647198e-06,5.34803173647198e-06,5.34803173647198e-06,5.33493211136052e-06,5.31671163089667e-06,5.31671163089667e-06,5.30849672991059e-06,5.28254218369193e-06,5.28254218369193e-06,5.27346910012221e-06,5.25775324910163e-06,5.23306670467713e-06,5.21858286754552e-06,5.19103075539694e-06,5.16253869135947e-06,5.12947677385852e-06,5.12128202888524e-06,5.08727371590204e-06,5.05787261410557e-06,0
352,0.357125,10.3606,1.19048e-05,1.19048e-05,1.18879767376861e-05,1.18879767376861e-05,1.18879767376861e-05,1.18588579803056e-05,1.18183562296472e-05,1.18183562296472e-05,1.18000955766375e-05,1.17424020069489e-05,1.17424020069489e-05,1.17222337260316e-05,1.1687299439821e-05,1.16324244726716e-05,1.16002287925827e-05,1.15389840422828e-05,1.14756499015789e-05,1.14021575729014e-05,1.13839417240782e-05,1.13083456817295e-05,1.12429908686989e-05,0
343,0.222669,22.719,5.8756e-06,5.8756e-06,5.86729689872559e-06,5.86729689872559e-06,5.86729689872559e-06,5.85292537036184e-06,5.83293577909039e-06,5.83293577909039e-06,5.82392325533323e-06,5.79544866205473e-06,5.79544866205473e-06,5.78549463079358e-06,5.76825285503427e-06,5.74116937971487e-06,5.72527923977714e-06,5.69505196549599e-06,5.66379347504513e-06,5.62752142289999e-06,5.61853101219623e-06,5.58122067464972e-06,5.54896488375508e-06,0
426,0.590029,3.70786,5.34075e-05,5.34075e-05,5.33320272174224e-05,5.33320272174224e-05,5.33320272174224e-05,5.3201394192525e-05,5.30196946051076e-05,5.30196946051076e-05,5.29377733779035e-05,5.26789475830023e-05,5.26789475830023e-05,5.25884683256362e-05,5.24317455843221e-05,5.21855646482268e-05,5.2041127884539e-05,5.17663707276239e-05,5.14822401147921e-05,5.11525376801571e-05,5.10708174541953e-05,5.07316773063781e-05,5.04384815217424e-05,0
338,0.0638884,0.484918,0.000184886,0.000184886,0.000184624728439271,0.000184624728439271,0.000184624728439271,0.000184172503237919,0.000183543495890276,0.000183543495890276,0.000183259901114021,0.000182363898381893,0.000182363898381893,0.000182050677430203,0.00018150813488935,0.000180655906109668,0.000180155895146953,0.000179204741250713,0.000178221138339437,0.00017707977496669,0.000176796876016221,0.000175622841182737,0.000174607856473882,0
439,0.297892,16.906,5.7278e-06,5.7278e-06,5.7197057622235e-06,5.7197057622235e-06,5.7197057622235e-06,5.70569574789954e-06,5.68620899235379e-06,5.68620899235379e-06,5.67742317753041e-06,5.64966485916623e-06,5.64966485916623e-06,5.63996122034506e-06,5.62315315934803e-06,5.59675096554068e-06,5.58126054013131e-06,5.55179362924091e-06,5.52132144229755e-06,5.48596180919166e-06,5.47719755117052e-06,5.44082575060567e-06,5.40938135018932e-06,0
670,0.146044,7.36236,2.3104e-05,2.3104e-05,2.30713505936681e-05,2.30713505936681e-05,2.30713505936681e-05,2.30148389537817e-05,2.29362359997455e-05,2.29362359997455e-05,2.29007970064707e-05,2.2788829377104e-05,2.2788829377104e-05,2.27496881935215e-05,2.26818901835918e-05,2.25753927001382e-05,2.25129095846911e-05,2.23940500733234e-05,2.22711356197567e-05,2.21285068681805e-05,2.20931548277251e-05,2.19464433363584e-05,2.18196073038119e-05,0
687,0.796052,12.4653,1.15993e-05,1.15993e-05,1.15829084548621e-05,1.15829084548621e-05,1.15829084548621e-05,1.15545369406423e-05,1.15150745425834e-05,1.15150745425834e-05,1.14972824929517e-05,1.14410694509108e-05,1.14410694509108e-05,1.14214187267622e-05,1.13873809213355e-05,1.1333914151087e-05,1.13025446738966e-05,1.12428715813496e-05,1.11811627161636e-05,1.11095563415896e-05,1.10918079463829e-05,1.10181518434653e-05,1.09544741602799e-05,0
560,0.494704,27.1721,4.45039e-05,4.45039e-05,4.444100933542e-05,4.444100933542e-05,4.444100933542e-05,4.43321542293632e-05,4.41807459015353e-05,4.41807459015353e-05,4.41124818168399e-05,4.38968050430965e-05,4.38968050430965e-05,4.3821409643164e-05,4.36908142547416e-05,4.34856743069461e-05,4.33653166926132e-05,4.31363644848589e-05,4.28996014762851e-05,4.26248639547618e-05,4.25567673622574e-05,4.22741654950207e-05,4.20298485754898e-05,0
754,0.0946457,0.95266,0.000208992,0.000208992,0.000208696663057127,0.000208696663057127,0.000208696663057127,0.000208185475356161,0.000207474456114041,0.000207474456114041,0.000207153885386786,0.000206141059088458,0.000206141059088458,0.000205786999434749,0.000205173718544374,0.000204210373579782,0.00020364516966429,0.000202570001425035,0.000201458153369295,0.000200167975562447,0.000199848191384865,0.000198521082312682,0.00019737376080498,0
533,0.195665,9.29648,6.6271e-06,6.6271e-06,6.6177349168671e-06,6.6177349168671e-06,6.6177349168671e-06,6.60152524370702e-06,6.57897894710497e-06,6.57897894710497e-06,6.56881370505461e-06,6.5366971591502e-06,6.5366971591502e-06,6.5254699890619e-06,6.50602295860807e-06,6.47547545719729e-06,6.45755293926188e-06,6.42345954124488e-06,6.38820303262162e-06,6.34729171858201e-06,6.33715141788508e-06,6.29506901983987e-06,6.2586876542197e-06,0
716,0.929319,36.1282,2.65983e-05,2.65983e-05,2.65607126253273e-05,2.65607126253273e-05,2.65607126253273e-05,2.64956540401823e-05,2.64051630017326e-05,2.64051630017326e-05,2.63643641368252e-05,2.62354622758408e-05,2.62354622758408e-05,2.61904012931848e-05,2.6112349362458e-05,2.59897449643389e-05,2.59178117644776e-05,2.57809756780332e-05,2.56394713709737e-05,2.5475271131922e-05,2.54345723707704e-05,2.5265671909343e-05,2.51196529150355e-05,0
341,0.175663,13.1735,2.3696e-05,2.3696e-05,2.36625140091568e-05,2.36625140091568e-05,2.36625140091568e-05,2.36045543563371e-05,2.35239373376891e-05,2.35239373376891e-05,2.34875902815672e-05,2.33727536755478e-05,2.33727536755478e-05,2.33326095669012e-05,2.32630743503459e-05,2.31538480532581e-05,2.30897639161548e-05,2.296785883559e-05,2.28417949119527e-05,2.26955115455508e-05,2.26592536702638e-05,2.25087829509326e-05,2.23786969646437e-05,0
423,0.515884,35.9396,8.2912e-06,8.2912e-06,8.2794832947637e-06,8.2794832947637e-06,8.2794832947637e-06,8.25920328659952e-06,8.23099549519951e-06,8.23099549519951e-06,8.21827770689272e-06,8.17809652577238e-06,8.17809652577238e-06,8.16405015365847e-06,8.13971987059366e-06,8.10150172937094e-06,8.07907877201311e-06,8.0364243407176e-06,7.99231473556644e-06,7.9411303733318e-06,7.92844378928472e-06,7.8757942776322e-06,7.83027735791921e-06,0
339,0.100987,7.8765,5.37208e-05,5.37208e-05,5.36448844776802e-05,5.36448844776802e-05,5.36448844776802e-05,5.35134851310733e-05,5.33307196543943e-05,5.33307196543943e-05,5.32483178594706e-05,5.29879737362158e-05,5.29879737362158e-05,5.28969637078657e-05,5.27393215968965e-05,5.24916965099371e-05,5.23464124488086e-05,5.20700435067085e-05,5.17842461219628e-05,5.14526095812045e-05,5.13704099666401e-05,5.10292803490236e-05,5.07343646142062e-05,0
434,0.977764,14.913,1.9032e-06,1.9032e-06,1.90051049384821e-06,1.90051049384821e-06,1.90051049384821e-06,1.89585532794483e-06,1.889380382389e-06,1.889380382389e-06,1.88646108304687e-06,1.87723771080784e-06,1.87723771080784e-06,1.87401344225719e-06,1.86842855771346e-06,1.85965579063812e-06,1.85450872236773e-06,1.84471762896248e-06,1.83459250828952e-06,1.82284341549174e-06,1.81993127891821e-06,1.8078458690165e-06,1.79739770691719e-06,0
489,0.23769,26.0651,1.56163e-05,1.56163e-05,1.55942318332712e-05,1.55942318332712e-05,1.55942318332712e-05,1.55560348664275e-05,1.55029060873799e-05,1.55029060873799e-05,1.54789524018416e-05,1.54032719962634e-05,1.54032719962634e-05,1.53768159511985e-05,1.53309903771652e-05,1.52590073157535e-05,1.52167741493859e-05,1.51364354293647e-05,1.50533559201354e-05,1.49569512554349e-05,1.49330563424603e-05,1.48338920997911e-05,1.47481619433223e-05,0
479,0.550035,0.508541,6.9631e-05,6.9631e-05,6.95326009863097e-05,6.95326009863097e-05,6.95326009863097e-05,6.93622858029249e-05,6.91253916593783e-05,6.91253916593783e-05,6.90185853686616e-05,6.86811365286155e-05,6.86811365286155e-05,6.85631725503417e-05,6.83588424244147e-05,6.80378795491398e-05,6.78495674901154e-05,6.74913478469349e-05,6.71209073900312e-05,6.66910518411649e-05,6.65845076094757e-05,6.61423474703068e-05,6.57600881307015e-05,0
312,0.122996,0.980188,4.92002e-05,4.92002e-05,4.91306727613654e-05,4.91306727613654e-05,4.91306727613654e-05,4.9010330656763e-05,4.88429448768471e-05,4.88429448768471e-05,4.8767477184806e-05,4.85290409937411e-05,4.85290409937411e-05,4.84456894502638e-05,4.83013129073213e-05,4.80745254469071e-05,4.7941467025135e-05,4.76883545021437e-05,4.74266069390216e-05,4.7122877580326e-05,4.7047595055187e-05,4.67351714611106e-05,4.64650728561724e-05,0
380,0.449105,0.752088,9.46371e-05,9.46371e-05,9.45033636282905e-05,9.45033636282905e-05,9.45033636282905e-05,9.42718843296805e-05,9.39499160288916e-05,9.39499160288916e-05,9.38047531328369e-05,9.33461186220539e-05,9.33461186220539e-05,9.31857910551901e-05,9.29080812627074e-05,9.24718532073344e-05,9.22159139394638e-05,9.17290493505072e-05,9.12255751714197e-05,9.06413485688488e-05,9.04965418432697e-05,8.98955917878844e-05,8.93760542923987e-05,0
324,0.822765,58.1417,6.9473e-06,6.9473e-06,6.93748242639327e-06,6.93748242639327e-06,6.93748242639327e-06,6.92048955434591e-06,6.89685389374271e-06,6.89685389374271e-06,6.88619750013217e-06,6.85252918678821e-06,6.85252918678821e-06,6.84075955621761e-06,6.82037290826121e-06,6.78834945055706e-06,6.7695609746245e-06,6.73382029407894e-06,6.69686030519113e-06,6.653972289011e-06,6.64334204183927e-06,6.59922635866873e-06,6.56108716333849e-06,0
426,0.696396,21.0342,1.52862e-05,1.52862e-05,1.52645983139252e-05,1.52645983139252e-05,1.52645983139252e-05,1.522720876105e-05,1.51752030271515e-05,1.51752030271515e-05,1.51517556786839e-05,1.50776750183643e-05,1.50776750183643e-05,1.50517782056704e-05,1.50069213003991e-05,1.49364598291574e-05,1.48951193946289e-05,1.48164788881075e-05,1.47351555276457e-05,1.46407886811106e-05,1.46173988628623e-05,1.45203307707861e-05,1.44364127929159e-05,0
423,0.515884,35.9396,8.2912e-06,8.2912e-06,8.2794832947637e-06,8.2794832947637e-06,8.2794832947637e-06,8.25920328659952e-06,8.23099549519951e-06,8.23099549519951e-06,8.21827770689272e-06,8.17809652577238e-06,8.17809652577238e-06,8.16405015365847e-06,8.13971987059366e-06,8.10150172937094e-06,8.07907877201311e-06,8.0364243407176e-06,7.99231473556644e-06,7.9411303733318e-06,7.92844378928472e-06,7.8757942776322e-06,7.83027735791921e-06,0
462,0.178533,18.2141,2.7088e-06,2.7088e-06,2.70497206060111e-06,2.70497206060111e-06,2.70497206060111e-06,2.6983464230438e-06,2.68913071659065e-06,2.68913071659065e-06,2.68497571550934e-06,2.67184820882529e-06,2.67184820882529e-06,2.66725914900498e-06,2.65931025490449e-06,2.64682408873504e-06,2.63949833288657e-06,2.62556279599284e-06,2.61115184239946e-06,2.5944295102375e-06,2.59028470383231e-06,2.57308369587636e-06,2.55821296158958e-06,0
451,0.234432,0.86917,9.50519e-05,9.50519e-05,9.49175774538728e-05,9.49175774538728e-05,9.49175774538728e-05,9.46850835678223e-05,9.43617040609507e-05,9.43617040609507e-05,9.42159049073471e-05,9.37552601744094e-05,9.37552601744094e-05,9.35942298823487e-05,9.33153028714398e-05,9.28771628027298e-05,9.26201017379285e-05,9.21311031927169e-05,9.16254222565597e-05,9.10386349542765e-05,9.08931935322646e-05,9.02896094772854e-05,8.97677948182653e-05,0
487,0.162946,2.8077,3.75506e-05,3.75506e-05,3.74975353879238e-05,3.74975353879238e-05,3.74975353879238e-05,3.74056878297211e-05,3.72779355753134e-05,3.72779355753134e-05,3.72203370875683e-05,3.70383577046348e-05,3.70383577046348e-05,3.6974742100054e-05,3.68645509664119e-05,3.66914621332155e-05,3.6589909221386e-05,3.63967285614326e-05,3.61969574620515e-05,3.59651449967234e-05,3.59076878321491e-05,3.56692397483665e-05,3.54630949628861e-05,0
421,0.440923,18.4843,2.13347e-05,2.13347e-05,2.13045508791001e-05,2.13045508791001e-05,2.13045508791001e-05,2.12523668900298e-05,2.11797833355163e-05,2.11797833355163e-05,2.11470582537201e-05,2.10436650844746e-05,2.10436650844746e-05,2.10075213254122e-05,2.0944915274406e-05,2.08465733483223e-05,2.0788875178173e-05,2.06791179059615e-05,2.05656162182663e-05,2.04339099498169e-05,2.04012651620095e-05,2.02657888092194e-05,2.01486658563295e-05,0
606,0.853873,68.6168,1.00215e-05,1.00215e-05,1.00073381221626e-05,1.00073381221626e-05,1.00073381221626e-05,9.98282585592641e-06,9.94873134831411e-06,9.94873134831411e-06,9.93335947023657e-06,9.88479283252459e-06,9.88479283252459e-06,9.86781510696743e-06,9.83840730933453e-06,9.79221338055901e-06,9.76511095061383e-06,9.71355491732215e-06,9.66024002828048e-06,9.59837394301726e-06,9.58303978125204e-06,9.5194027828651e-06,9.46438688517794e-06,0
401,0.154869,17.2468,1.4787e-05,1.4787e-05,1.47661037581618e-05,1.47661037581618e-05,1.47661037581618e-05,1.47299352324087e-05,1.46796278448856e-05,1.46796278448856e-05,1.46569462142781e-05,1.4585284799136e-05,1.4585284799136e-05,1.45602336962259e-05,1.45168416787037e-05,1.44486812611212e-05,1.44086908772865e-05,1.43326185264125e-05,1.42539509353074e-05,1.41626658180308e-05,1.41400398388838e-05,1.40461416903883e-05,1.39649642140524e-05,0
291,0.760128,9.18934,3.96528e-05,3.96528e-05,3.95967646650191e-05,3.95967646650191e-05,3.95967646650191e-05,3.94997751933222e-05,3.93648709682612e-05,3.93648709682612e-05,3.9304047937075e-05,3.91118807792777e-05,3.91118807792777e-05,3.90447037742412e-05,3.89283437963958e-05,3.87455649091085e-05,3.86383267477424e-05,3.84343312304138e-05,3.82233763202515e-05,3.79785862682906e-05,3.79179124719883e-05,3.76661153189037e-05,3.74484299037653e-05,0
568,0.450951,6.24222,4.1555e-06,4.1555e-06,4.14962765720168e-06,4.14962765720168e-06,4.14962765720168e-06,4.13946343803844e-06,4.12532586119037e-06,4.12532586119037e-06,4.11895178152652e-06,4.09881321314733e-06,4.09881321314733e-06,4.09177325520163e-06,4.07957906240978e-06,4.06042435792177e-06,4.04918610540096e-06,4.02780795878184e-06,4.00570048770339e-06,3.98004719056111e-06,3.97368875028617e-06,3.94730112899226e-06,3.92448832024716e-06,0
385,0.765732,2.61796,8.59226e-05,8.59226e-05,8.58011785197153e-05,8.58011785197153e-05,8.58011785197153e-05,8.55910146074363e-05,8.52986942222874e-05,8.52986942222874e-05,8.5166898410153e-05,8.47504964957219e-05,8.47504964957219e-05,8.46049324262755e-05,8.43527950782843e-05,8.39567363580721e-05,8.37243648321321e-05,8.32823323593378e-05,8.2825219762903e-05,8.22947906956338e-05,8.21633182566089e-05,8.16177056878716e-05,8.11460089388206e-05,0
375,0.529717,58.6577,5.5104e-06,5.5104e-06,5.50261298092748e-06,5.50261298092748e-06,5.50261298092748e-06,5.48913472000169e-06,5.47038758885896e-06,5.47038758885896e-06,5.46193524170948e-06,5.43523049686609e-06,5.43523049686609e-06,5.42589516194515e-06,5.40972505486773e-06,5.38432496255375e-06,5.36942247989447e-06,5.3410739925572e-06,5.31175838465666e-06,5.27774083476548e-06,5.26930922622474e-06,5.23431792592924e-06,5.20406700514739e-06,0
637,0.407484,30.9182,7.6682e-06,7.6682e-06,7.65736368690986e-06,7.65736368690986e-06,7.65736368690986e-06,7.63860751668063e-06,7.61251925611358e-06,7.61251925611358e-06,7.60075708124214e-06,7.56359511034926e-06,7.56359511034926e-06,7.55060418133489e-06,7.52810207348591e-06,7.49275563985458e-06,7.47201754143561e-06,7.43256816015663e-06,7.39177294665074e-06,7.34443457265329e-06,7.33270125735637e-06,7.28400782513259e-06,7.24191104255067e-06,0
607,0.231496,20.9534,1.5413e-05,1.5413e-05,1.53912191265671e-05,1.53912191265671e-05,1.53912191265671e-05,1.53535194249757e-05,1.53010823002111e-05,1.53010823002111e-05,1.52774404544984e-05,1.52027452903958e-05,1.52027452903958e-05,1.51766336619956e-05,1.51314046658457e-05,1.50603587122243e-05,1.50186753561653e-05,1.49393825216471e-05,1.48573845787444e-05,1.47622349532231e-05,1.47386511149466e-05,1.46407778368807e-05,1.45561637540535e-05,0
458,0.0366645,2.13378,7.232e-07,7.232e-07,7.22178010272712e-07,7.22178010272712e-07,7.22178010272712e-07,7.20409086364913e-07,7.17948661487877e-07,7.17948661487877e-07,7.16839352280106e-07,7.13334548369185e-07,7.13334548369185e-07,7.12109353426019e-07,7.09987144250933e-07,7.06653566514023e-07,7.04697723842132e-07,7.00977190660817e-07,6.97129729925903e-07,6.9266517343612e-07,6.91558586020204e-07,6.86966231858309e-07,6.8299601809716e-07,0
532,0.853874,39.2491,1.16714e-05,1.16714e-05,1.16549065667823e-05,1.16549065667823e-05,1.16549065667823e-05,1.16263586982846e-05,1.1586651006208e-05,1.1586651006208e-05,1.15687483631112e-05,1.1512185906853e-05,1.1512185906853e-05,1.14924130359187e-05,1.14581636551581e-05,1.1404364541222e-05,1.13728000747387e-05,1.13127560606729e-05,1.12506636198247e-05,1.11786121477355e-05,1.11607534304151e-05,1.10866394890916e-05,1.10225659922832e-05,0
426,0.590029,3.70786,5.34075e-05,5.34075e-05,5.33320272174224e-05,5.33320272174224e-05,5.33320272174224e-05,5.3201394192525e-05,5.30196946051076e-05,5.30196946051076e-05,5.29377733779035e-05,5.26789475830023e-05,5.26789475830023e-05,5.25884683256362e-05,5.24317455843221e-05,5.21855646482268e-05,5.2041127884539e-05,5.17663707276239e-05,5.14822401147921e-05,5.11525376801571e-05,5.10708174541953e-05,5.07316773063781e-05,5.04384815217424e-05,0
422,0.749482,24.5624,2.6314e-05,2.6314e-05,2.62768143837336e-05,2.62768143837336e-05,2.62768143837336e-05,2.62124511872322e-05,2.61229273760951e-05,2.61229273760951e-05,2.60825645960989e-05,2.59550405223821e-05,2.59550405223821e-05,2.59104611809351e-05,2.58332435202144e-05,2.57119495979674e-05,2.56407852671209e-05,2.55054117741271e-05,2.53654199575086e-05,2.52029747978402e-05,2.51627110516256e-05,2.49956159086277e-05,2.48511576606868e-05,0
426,0.161729,16.5907,1.43126e-05,1.43126e-05,1.42923741562904e-05,1.42923741562904e-05,1.42923741562904e-05,1.42573659976583e-05,1.42086725835335e-05,1.42086725835335e-05,1.41867186303156e-05,1.41173562734911e-05,1.41173562734911e-05,1.40931088659364e-05,1.40511089612914e-05,1.39851352822022e-05,1.39464278792352e-05,1.38727960993529e-05,1.3796652340345e-05,1.37082958535976e-05,1.3686395766417e-05,1.35955100803308e-05,1.35169369588183e-05,0
410,0.471619,15.0355,3.43707e-05,3.43707e-05,3.43221290620579e-05,3.43221290620579e-05,3.43221290620579e-05,3.42380594368398e-05,3.41211256352342e-05,3.41211256352342e-05,3.40684047641231e-05,3.39018359535851e-05,3.39018359535851e-05,3.38436075135504e-05,3.37427477031327e-05,3.35843165633068e-05,3.34913634635796e-05,3.33145419345212e-05,3.31316880646629e-05,3.29195061900178e-05,3.2866914674398e-05,3.26486591058246e-05,3.24599712931583e-05,0
536,0.684898,9.33466,8.8251e-06,8.8251e-06,8.81262881423909e-06,8.81262881423909e-06,8.81262881423909e-06,8.79104290387029e-06,8.76101871196995e-06,8.76101871196995e-06,8.74748197982186e-06,8.70471338884526e-06,8.70471338884526e-06,8.68976252063047e-06,8.66386552368489e-06,8.62318637976065e-06,8.59931952804092e-06,8.5539184254712e-06,8.50696844520062e-06,8.45248813895341e-06,8.43898462041883e-06,8.38294481854641e-06,8.33449690169973e-06,0
540,0.3465,22.2673,1.08679e-05,1.08679e-05,1.08525420324154e-05,1.08525420324154e-05,1.08525420324154e-05,1.08259594990393e-05,1.0788985423374e-05,1.0788985423374e-05,1.07723152608476e-05,1.07196467619213e-05,1.07196467619213e-05,1.07012351245833e-05,1.0669343590991e-05,1.06192481962358e-05,1.05898567380308e-05,1.05339463639141e-05,1.04761285838796e-05,1.04090373871494e-05,1.03924081263952e-05,1.03233964480267e-05,1.02637339948536e-05,0
457,0.312018,12.4538,1.17349e-05,1.17349e-05,1.17183168317882e-05,1.17183168317882e-05,1.17183168317882e-05,1.16896136443358e-05,1.16496899166124e-05,1.16496899166124e-05,1.16316898715042e-05,1.157481967873e-05,1.157481967873e-05,1.15549392305296e-05,1.15205035108826e-05,1.14664116948084e-05,1.1434675497117e-05,1.13743048045985e-05,1.13118745405247e-05,1.12394310616089e-05,1.12214751812617e-05,1.11469580119387e-05,1.10825359136731e-05,0
535,0.575415,24.858,3.58436e-05,3.58436e-05,3.57929476341413e-05,3.57929476341413e-05,3.57929476341413e-05,3.5705275342961e-05,3.55833305349929e-05,3.55833305349929e-05,3.55283503973828e-05,3.53546435535477e-05,3.53546435535477e-05,3.5293919829177e-05,3.51887378369369e-05,3.50235173903512e-05,3.49265809379256e-05,3.47421820121267e-05,3.45514922394526e-05,3.43302176584277e-05,3.42753724196263e-05,3.40477638664774e-05,3.38509901469405e-05,0
506,0.255982,20.5007,1.68083e-05,1.68083e-05,1.67845473590526e-05,1.67845473590526e-05,1.67845473590526e-05,1.67434347985998e-05,1.66862506732393e-05,1.66862506732393e-05,1.66604685908873e-05,1.65790114620489e-05,1.65790114620489e-05,1.65505360138144e-05,1.65012125507646e-05,1.64237349862246e-05,1.63782781411168e-05,1.62918071263609e-05,1.6202386116584e-05,1.60986228355453e-05,1.60729040118963e-05,1.59661705129204e-05,1.58738965306727e-05,0
739,0.467598,38.0711,2.14665e-05,2.14665e-05,2.14361646259944e-05,2.14361646259944e-05,2.14361646259944e-05,2.13836582583689e-05,2.13106263023085e-05,2.13106263023085e-05,2.12776990538176e-05,2.11736671495673e-05,2.11736671495673e-05,2.11373001041477e-05,2.10743072899096e-05,2.09753578340338e-05,2.09173032202117e-05,2.08068678972904e-05,2.06926650269004e-05,2.05601451127855e-05,2.05272986543179e-05,2.0390985365302e-05,2.02731388585214e-05,0
389,0.712714,32.2808,2.33227e-05,2.33227e-05,2.32897415378697e-05,2.32897415378697e-05,2.32897415378697e-05,2.32326949648271e-05,2.31533479636108e-05,2.31533479636108e-05,2.31175735086051e-05,2.30045460056001e-05,2.30045460056001e-05,2.29650343157481e-05,2.28965945370869e-05,2.27890889598128e-05,2.27260143858585e-05,2.26060297630324e-05,2.24819518143568e-05,2.23379729542293e-05,2.23022862751292e-05,2.21541860284317e-05,2.2026149379528e-05,0
386,0.296472,12.8718,3.73746e-05,3.73746e-05,3.7321784102238e-05,3.7321784102238e-05,3.7321784102238e-05,3.72303670343668e-05,3.71032135559248e-05,3.71032135559248e-05,3.70458850328098e-05,3.68647585888813e-05,3.68647585888813e-05,3.68014411512114e-05,3.66917664844039e-05,3.65194889201258e-05,3.64184119877076e-05,3.62261367672453e-05,3.6027301996804e-05,3.57965760385863e-05,3.57393881762593e-05,3.55020577007903e-05,3.52968791177739e-05,0
444,0.0703828,4.89091,4.1988e-05,4.1988e-05,4.1928664678278e-05,4.1928664678278e-05,4.1928664678278e-05,4.18259633825912e-05,4.16831144891496e-05,4.16831144891496e-05,4.16187095181653e-05,4.14152254105715e-05,4.14152254105715e-05,4.13440922727484e-05,4.12208797190379e-05,4.10273367682395e-05,4.09137832255025e-05,4.06977741723816e-05,4.04743958796029e-05,4.02151898537553e-05,4.01509429062726e-05,3.98843171228798e-05,3.96538119577759e-05,0
423,0.515884,35.9396,8.2912e-06,8.2912e-06,8.2794832947637e-06,8.2794832947637e-06,8.2794832947637e-06,8.25920328659952e-06,8.23099549519951e-06,8.23099549519951e-06,8.21827770689272e-06,8.17809652577238e-06,8.17809652577238e-06,8.16405015365847e-06,8.13971987059366e-06,8.10150172937094e-06,8.07907877201311e-06,8.0364243407176e-06,7.99231473556644e-06,7.9411303733318e-06,7.92844378928472e-06,7.8757942776322e-06,7.83027735791921e-06,0
415,0.225956,14.8356,2.70288e-05,2.70288e-05,2.69906042644622e-05,2.69906042644622e-05,2.69906042644622e-05,2.69244926901825e-05,2.68325370321122e-05,2.68325370321122e-05,2.67910778275837e-05,2.66600896584085e-05,2.66600896584085e-05,2.66142993527118e-05,2.65349841323695e-05,2.64103953520385e-05,2.63372978957193e-05,2.61982470837017e-05,2.6054452494775e-05,2.5887594634638e-05,2.58462371540693e-05,2.56746029973062e-05,2.55262206498127e-05,0
456,0.261529,4.76438,1.50914e-05,1.50914e-05,1.50700735954502e-05,1.50700735954502e-05,1.50700735954502e-05,1.5033160517101e-05,1.49818175193282e-05,1.49818175193282e-05,1.49586689726217e-05,1.48855323607007e-05,1.48855323607007e-05,1.4859965564565e-05,1.48156802941766e-05,1.47461167501241e-05,1.47053031382621e-05,1.4627664788632e-05,1.4547377774065e-05,1.44542134933543e-05,1.44311217437297e-05,1.43352906408552e-05,1.42524420734395e-05,0
592,0.376821,44.8633,1.9786e-06,1.9786e-06,1.97580394237498e-06,1.97580394237498e-06,1.97580394237498e-06,1.97096435050002e-06,1.96423288387709e-06,1.96423288387709e-06,1.96119792923316e-06,1.95160915017045e-06,1.95160915017045e-06,1.94825714420454e-06,1.9424510005737e-06,1.93333067851859e-06,1.92797969634132e-06,1.91780070442684e-06,1.90727445192394e-06,1.89505988960275e-06,1.89203238149831e-06,1.87946817803491e-06,1.86860608601637e-06,0
384,0.138255,4.84993,3.59794e-05,3.59794e-05,3.59285557284375e-05,3.59285557284375e-05,3.59285557284375e-05,3.5840551274831e-05,3.57181444567712e-05,3.57181444567712e-05,3.56629560169066e-05,3.54885910530894e-05,3.54885910530894e-05,3.54276372658408e-05,3.53220567724862e-05,3.51562103581784e-05,3.50589066443661e-05,3.48738090896872e-05,3.46823968541151e-05,3.44602839340812e-05,3.44052309041141e-05,3.41767600145504e-05,3.39792407819759e-05,0
355,0.439254,38.4095,3.294e-06,3.294e-06,3.28934508550652e-06,3.28934508550652e-06,3.28934508550652e-06,3.28128806759683e-06,3.27008143105789e-06,3.27008143105789e-06,3.26502879758113e-06,3.24906526870588e-06,3.24906526870588e-06,3.24348480390667e-06,3.23381865758099e-06,3.21863502225828e-06,3.20972663486723e-06,3.19278051166583e-06,3.17525626434724e-06,3.15492129604339e-06,3.14988105966614e-06,3.12896400406702e-06,3.11088064658745e-06,0
346,0.141179,13.3587,2.89301e-05,2.89301e-05,2.88892174432945e-05,2.88892174432945e-05,2.88892174432945e-05,2.88184553504502e-05,2.87200312108828e-05,2.87200312108828e-05,2.86756556214031e-05,2.85354532878531e-05,2.85354532878531e-05,2.84864419324531e-05,2.84015474030613e-05,2.82681946136716e-05,2.81899552274962e-05,2.80411230967042e-05,2.7887213495201e-05,2.77086182716044e-05,2.76643515617023e-05,2.74806440601273e-05,2.73218239811292e-05,0
604,0.97075,3.65409,1.29032e-05,1.29032e-05,1.2884965849213e-05,1.2884965849213e-05,1.2884965849213e-05,1.28534050375882e-05,1.28095065941792e-05,1.28095065941792e-05,1.27897145054489e-05,1.27271824454055e-05,1.27271824454055e-05,1.27053227449206e-05,1.26674586832116e-05,1.26079816087441e-05,1.25730858272674e-05,1.25067047656729e-05,1.24380590862554e-05,1.2358403299061e-05,1.23386597720353e-05,1.22567238425251e-05,1.2185888026426e-05,0
393,0.0885302,14.0219,5.85982e-05,5.85982e-05,5.85153919822489e-05,5.85153919822489e-05,5.85153919822489e-05,5.83720626723292e-05,5.81727036167021e-05,5.81727036167021e-05,5.80828204269637e-05,5.77988392315364e-05,5.77988392315364e-05,5.76995662526666e-05,5.75276115545424e-05,5.72575041776853e-05,5.70990295371211e-05,5.67975686031259e-05,5.64858232026328e-05,5.61240768335792e-05,5.60344141804882e-05,5.56623128424772e-05,5.53406212218764e-05,0
324,0.361034,43.098,2.12846e-05,2.12846e-05,2.12545216778907e-05,2.12545216778907e-05,2.12545216778907e-05,2.12024602318067e-05,2.11300471243154e-05,2.11300471243154e-05,2.10973988904054e-05,2.09942485180016e-05,2.09942485180016e-05,2.09581896348609e-05,2.08957306008344e-05,2.07976196098235e-05,2.07400569315407e-05,2.06305574009115e-05,2.05173222477612e-05,2.03859252634381e-05,2.03533571349635e-05,2.021819891954e-05,2.01013510049652e-05,0
332,0.0658578,0.876494,0.000146602,0.000146602,0.000146394829455199,0.000146394829455199,0.000146394829455199,0.00014603624568483,0.00014553748571826,0.00014553748571826,0.000145312614384635,0.000144602145271044,0.000144602145271044,0.000144353782399006,0.000143923583132571,0.000143247823780543,0.0001428513491575,0.000142097148928729,0.000141317218842087,0.000140412195459184,0.000140187875867995,0.000139256946242937,0.000138452132529148,0
436,0.815775,27.0552,5.88601e-05,5.88601e-05,5.87769218783917e-05,5.87769218783917e-05,5.87769218783917e-05,5.8632951969507e-05,5.84327018944173e-05,5.84327018944173e-05,5.83424169789025e-05,5.80571665520811e-05,5.80571665520811e-05,5.79574498805182e-05,5.77847266445304e-05,5.75134120442091e-05,5.73542291138278e-05,5.70514208241354e-05,5.67382821023391e-05,5.63749189366252e-05,5.62848555434289e-05,5.59110911280465e-05,5.55879617323018e-05,0
406,0.509998,2.28038,2.29508e-05,2.29508e-05,2.29183670881733e-05,2.29183670881733e-05,2.29183670881733e-05,2.28622301705529e-05,2.27841484237776e-05,2.27841484237776e-05,2.27489444224423e-05,2.26377192377095e-05,2.26377192377095e-05,2.25988375948698e-05,2.25314891458439e-05,2.24256978351079e-05,2.23636290381029e-05,2.22455576706558e-05,2.21234582488709e-05,2.19817752523475e-05,2.19466576272573e-05,2.18009189631273e-05,2.16749239659075e-05,0
527,0.989061,60.7235,3.367e-07,3.367e-07,3.36224192559212e-07,3.36224192559212e-07,3.36224192559212e-07,3.35400635203355e-07,3.34255135955432e-07,3.34255135955432e-07,3.33738675211161e-07,3.32106944739912e-07,3.32106944739912e-07,3.31536531109707e-07,3.30548494841384e-07,3.28996482086935e-07,3.28085901019975e-07,3.26353733539127e-07,3.24562472436465e-07,3.22483910254344e-07,3.21968716693864e-07,3.19830655789121e-07,3.17982244598055e-07,0
498,0.0322622,0.32041,5.62534e-05,5.62534e-05,5.61739055352253e-05,5.61739055352253e-05,5.61739055352253e-05,5.60363115305863e-05,5.5844929803847e-05,5.5844929803847e-05,5.57586432792502e-05,5.54860255575651e-05,5.54860255575651e-05,5.53907249751316e-05,5.52256510237907e-05,5.49663519614767e-05,5.48142186647967e-05,5.45248206542024e-05,5.42255497088134e-05,5.38782785776707e-05,5.37922037649736e-05,5.34349920177243e-05,5.31261728490415e-05,0
434,0.259148,15.0275,7.1736e-06,7.1736e-06,7.16346263065864e-06,7.16346263065864e-06,7.16346263065864e-06,7.14591623609975e-06,7.12151067208163e-06,7.12151067208163e-06,7.11050715917668e-06,7.07574214073726e-06,7.07574214073726e-06,7.06358912850786e-06,7.04253840984305e-06,7.00947182625137e-06,6.9900713381553e-06,6.95316644762782e-06,6.91500253124511e-06,6.87071748916116e-06,6.85974097438403e-06,6.81418827552373e-06,6.77480674145712e-06,0
418,0.353358,11.7388,2.01234e-05,2.01234e-05,2.00949626271044e-05,2.00949626271044e-05,2.00949626271044e-05,2.00457414388215e-05,1.99772788918489e-05,1.99772788918489e-05,1.99464118109423e-05,1.9848888897473e-05,1.9848888897473e-05,1.98147972382925e-05,1.97557457115863e-05,1.96629872516431e-05,1.96085649557035e-05,1.95050392678981e-05,1.93979817577308e-05,1.92737532510017e-05,1.92429619053083e-05,1.91151773647366e-05,1.90047041905094e-05,0
365,0.809701,52.9007,1.36389e-05,1.36389e-05,1.36196261951168e-05,1.36196261951168e-05,1.36196261951168e-05,1.35862658849867e-05,1.35398644899986e-05,1.35398644899986e-05,1.35189439184363e-05,1.34528464764276e-05,1.34528464764276e-05,1.34297404043724e-05,1.33897174526052e-05,1.33268491818696e-05,1.32899637523651e-05,1.32197978508073e-05,1.31472382100199e-05,1.30630406996376e-05,1.30421714586158e-05,1.29555637993533e-05,1.2880689147159e-05,0
469,0.467667,0.75684,6.45181e-05,6.45181e-05,6.44269262784511e-05,6.44269262784511e-05,6.44269262784511e-05,6.42691170837944e-05,6.40496177222636e-05,6.40496177222636e-05,6.39506540574435e-05,6.36379835801132e-05,6.36379835801132e-05,6.35286815200155e-05,6.33393550490821e-05,6.30419599968312e-05,6.2867475410148e-05,6.25355592986361e-05,6.2192319729442e-05,6.17940278294648e-05,6.16953069810704e-05,6.12856139984203e-05,6.09314233893728e-05,0
390,0.256767,23.1765,5.3269e-06,5.3269e-06,5.31937229386298e-06,5.31937229386298e-06,5.31937229386298e-06,5.30634286802718e-06,5.28822002887137e-06,5.28822002887137e-06,5.28004915052669e-06,5.25423369152075e-06,5.25423369152075e-06,5.24520922948708e-06,5.22957759777419e-06,5.20502334549716e-06,5.19061712546274e-06,5.16321266168571e-06,5.13487328310605e-06,5.10198854034412e-06,5.09383770999865e-06,5.06001164337116e-06,5.03076809845376e-06,0
318,0.667652,0.463281,0.000237825,0.000237825,0.00023748891771724,0.00023748891771724,0.00023748891771724,0.000236907205426902,0.000236098092392636,0.000236098092392636,0.000235733295016615,0.000234580736955063,0.000234580736955063,0.000234177830445994,0.000233479939963327,0.000232383689790096,0.000231740509088433,0.000230517008253469,0.000229251767173158,0.000227783593573625,0.000227419691261414,0.000225909491277243,0.000224603882748834,0
401,0.154869,17.2468,1.4787e-05,1.4787e-05,1.47661037581618e-05,1.47661037581618e-05,1.47661037581618e-05,1.47299352324087e-05,1.46796278448856e-05,1.46796278448856e-05,1.46569462142781e-05,1.4585284799136e-05,1.4585284799136e-05,1.45602336962259e-05,1.45168416787037e-05,1.44486812611212e-05,1.44086908772865e-05,1.43326185264125e-05,1.42539509353074e-05,1.41626658180308e-05,1.41400398388838e-05,1.40461416903883e-05,1.39649642140524e-05,0
465,0.30674,1.48222,4.75347e-05,4.75347e-05,4.74675263618781e-05,4.74675263618781e-05,4.74675263618781e-05,4.73512580166347e-05,4.71895384945075e-05,4.71895384945075e-05,4.71166254961687e-05,4.68862607250618e-05,4.68862607250618e-05,4.68057307553924e-05,4.66662415733198e-05,4.6447131205993e-05,4.63185770098432e-05,4.607403272249e-05,4.58211457039669e-05,4.55276980361365e-05,4.54549639365246e-05,4.51531163461216e-05,4.48921609809777e-05,0
431,0.822567,29.3835,1.56447e-05,1.56447e-05,1.56225916998251e-05,1.56225916998251e-05,1.56225916998251e-05,1.55843252674961e-05,1.55310998677812e-05,1.55310998677812e-05,1.55071026197685e-05,1.54312845808509e-05,1.54312845808509e-05,1.5404780422489e-05,1.53588715094892e-05,1.52867575387748e-05,1.52444475666385e-05,1.51639627416085e-05,1.50807321429366e-05,1.49841521554979e-05,1.49602137869335e-05,1.48608692029227e-05,1.47749831365108e-05,0
620,0.287759,13.5234,6.4627e-06,6.4627e-06,6.45356723864692e-06,6.45356723864692e-06,6.45356723864692e-06,6.43775968259199e-06,6.41577269717603e-06,6.41577269717603e-06,6.40585962663253e-06,6.37453980329858e-06,6.37453980329858e-06,6.36359114821119e-06,6.34462654473245e-06,6.31483684224305e-06,6.29735893234865e-06,6.26411129712896e-06,6.22972940485638e-06,6.18983298723121e-06,6.17994423931522e-06,6.1389057890358e-06,6.10342694435359e-06,0
590,0.753866,42.7537,4.2509e-06,4.2509e-06,4.24489284273821e-06,4.24489284273821e-06,4.24489284273821e-06,4.23449527824753e-06,4.22003313760898e-06,4.22003313760898e-06,4.21351272484445e-06,4.19291182475466e-06,4.19291182475466e-06,4.18571024679019e-06,4.17323610549819e-06,4.15364165638061e-06,4.14214540138346e-06,4.12027646540385e-06,4.09766146147957e-06,4.0714192280968e-06,4.06491481376284e-06,4.03792139796251e-06,4.01458486356363e-06,0
353,0.299721,6.83474,1.68782e-05,1.68782e-05,1.68543485799017e-05,1.68543485799017e-05,1.68543485799017e-05,1.68130650463002e-05,1.67556431116215e-05,1.67556431116215e-05,1.67297538103624e-05,1.66479579290442e-05,1.66479579290442e-05,1.66193640611104e-05,1.65698354785621e-05,1.6492035711196e-05,1.6446389826538e-05,1.63595592082569e-05,1.62697663269295e-05,1.61655715297145e-05,1.61397457502298e-05,1.6032568382952e-05,1.59399106646121e-05,0
487,0.138308,13.3076,1.90364e-05,1.90364e-05,1.90094987206242e-05,1.90094987206242e-05,1.90094987206242e-05,1.89629362993322e-05,1.88981718743748e-05,1.88981718743748e-05,1.88689721318377e-05,1.87767170859723e-05,1.87767170859723e-05,1.87444669462929e-05,1.86886051891848e-05,1.86008572367084e-05,1.85493746545193e-05,1.84514410844795e-05,1.83501664695264e-05,1.82326483788708e-05,1.82035202805794e-05,1.80826382413544e-05,1.79781324652997e-05,0
378,0.888272,87.9811,1.0517e-06,1.0517e-06,1.05021379065792e-06,1.05021379065792e-06,1.05021379065792e-06,1.04764136633017e-06,1.04406333972179e-06,1.04406333972179e-06,1.0424501476673e-06,1.03735335248876e-06,1.03735335248876e-06,1.03557163578283e-06,1.03248545299876e-06,1.02763766026382e-06,1.02479341283845e-06,1.01938289742531e-06,1.01378780000425e-06,1.00729530268635e-06,1.00568606874647e-06,9.99007724067178e-07,9.93234115366127e-07,0
473,0.647465,59.8094,2.22277e-05,2.22277e-05,2.21962889365857e-05,2.21962889365857e-05,2.21962889365857e-05,2.21419206982762e-05,2.20662990361644e-05,2.20662990361644e-05,2.20322041906478e-05,2.19244833252015e-05,2.19244833252015e-05,2.1886826707892e-05,2.18216001745941e-05,2.17191419806468e-05,2.16590287558708e-05,2.15446774071508e-05,2.14264249140957e-05,2.12892058567285e-05,2.12551946660416e-05,2.11140477210688e-05,2.09920223886314e-05,0
668,0.173733,12.2976,8.5383e-06,8.5383e-06,8.52623410551921e-06,8.52623410551921e-06,8.52623410551921e-06,8.50534969871341e-06,8.47630123946618e-06,8.47630123946618e-06,8.46320442695414e-06,8.42182573885593e-06,8.42182573885593e-06,8.40736074717557e-06,8.38230535641281e-06,8.34294821206676e-06,8.31985699043317e-06,8.27593134267043e-06,8.23050715296784e-06,8.17779735944362e-06,8.16473268116193e-06,8.11051407283711e-06,8.06364062682381e-06,0
693,0.342116,24.1605,1.41273e-05,1.41273e-05,1.4107336012895e-05,1.4107336012895e-05,1.4107336012895e-05,1.40727810920949e-05,1.40247180938021e-05,1.40247180938021e-05,1.4003048370391e-05,1.39345840226438e-05,1.39345840226438e-05,1.39106505374107e-05,1.38691943901773e-05,1.38040748481935e-05,1.37658685758227e-05,1.36931900796772e-05,1.36180321260816e-05,1.35308195584681e-05,1.35092030037102e-05,1.34194939813771e-05,1.33419381173451e-05,0
445,0.37973,13.509,1.2173e-05,1.2173e-05,1.21557977309869e-05,1.21557977309869e-05,1.21557977309869e-05,1.21260229650444e-05,1.20846087614656e-05,1.20846087614656e-05,1.20659367191728e-05,1.20069433867507e-05,1.20069433867507e-05,1.19863207401202e-05,1.19505994288808e-05,1.18944881985276e-05,1.18615671907222e-05,1.17989426741069e-05,1.17341816957799e-05,1.16590336784263e-05,1.16404074497012e-05,1.15631083246836e-05,1.14962811508528e-05,0
452,0.249826,5.49941,3.15899e-05,3.15899e-05,3.15452587482217e-05,3.15452587482217e-05,3.15452587482217e-05,3.14679908702419e-05,3.13605177288937e-05,3.13605177288937e-05,3.13120622989399e-05,3.11589699246788e-05,3.11589699246788e-05,3.11054525218371e-05,3.10127528874067e-05,3.08671397964897e-05,3.07817071714609e-05,3.06191915863608e-05,3.04511317137532e-05,3.02561166514515e-05,3.0207780111338e-05,3.00071827541217e-05,2.98337609403864e-05,0
653,0.316502,28.318,1.04619e-05,1.04619e-05,1.04471157711174e-05,1.04471157711174e-05,1.04471157711174e-05,1.04215263006652e-05,1.03859334922843e-05,1.03859334922843e-05,1.03698860890753e-05,1.03191851653534e-05,1.03191851653534e-05,1.03014613448668e-05,1.0270761206359e-05,1.02225372614948e-05,1.019424380125e-05,1.01404221114137e-05,1.00847642720019e-05,1.00201794496285e-05,1.00041714201946e-05,9.93773786100448e-06,9.88030426124264e-06,0
647,0.658372,0.105619,0.000162845,0.000162845,0.000162614875667671,0.000162614875667671,0.000162614875667671,0.000162216562042442,0.000161662541178088,0.000161662541178088,0.000161412754870097,0.000160623568209596,0.000160623568209596,0.000160347687581112,0.000159869823707886,0.00015911919253177,0.000158678789877035,0.000157841026843419,0.000156974683171714,0.000155969386294531,0.000155720212860149,0.000154686139417818,0.000153792155098219,0
399,0.610891,17.9491,1.6223e-06,1.6223e-06,1.62000744754621e-06,1.62000744754621e-06,1.62000744754621e-06,1.61603935399585e-06,1.61052006848974e-06,1.61052006848974e-06,1.60803163883299e-06,1.60016957663071e-06,1.60016957663071e-06,1.59742118924645e-06,1.5926605975087e-06,1.58518263406485e-06,1.58079523975261e-06,1.57244924835321e-06,1.56381852994855e-06,1.55380352719223e-06,1.5513212031258e-06,1.541019521493e-06,1.53211344048537e-06,0
444,0.517835,7.42538,3.94404e-05,3.94404e-05,3.93846648179755e-05,3.93846648179755e-05,3.93846648179755e-05,3.92881948698378e-05,3.9154013258499e-05,3.9154013258499e-05,3.90935160255369e-05,3.89023782100387e-05,3.89023782100387e-05,3.88355610382516e-05,3.87198243419725e-05,3.85380245087661e-05,3.84313607680078e-05,3.82284579515195e-05,3.8018633020146e-05,3.77751541847206e-05,3.77148053872667e-05,3.74643569842152e-05,3.72478375997777e-05,0
729,0.123253,0.421687,0.000161171,0.000161171,0.000160943241279955,0.000160943241279955,0.000160943241279955,0.000160549022204811,0.000160000696516403,0.000160000696516403,0.000159753477940178,0.000158972403892713,0.000158972403892713,0.000158699359238143,0.000158226407668788,0.00015748349276636,0.00015704761732489,0.000156218466255523,0.000155361028348849,0.000154366065635886,0.000154119453633106,0.00015309601016985,0.000152211215753232,0
514,0.355716,38.2076,1.32935e-05,1.32935e-05,1.32747142969584e-05,1.32747142969584e-05,1.32747142969584e-05,1.32421988241039e-05,1.31969725269484e-05,1.31969725269484e-05,1.31765817609729e-05,1.31121582117613e-05,1.31121582117613e-05,1.30896372922688e-05,1.30506279066645e-05,1.29893517511811e-05,1.29534004312713e-05,1.28850114547146e-05,1.28142893594718e-05,1.27322241192935e-05,1.27118833839319e-05,1.26274690309851e-05,1.25544905511264e-05,0
355,0.149851,21.6782,1.554e-06,1.554e-06,1.5518039656579e-06,1.5518039656579e-06,1.5518039656579e-06,1.54800293170779e-06,1.54271601210199e-06,1.54271601210199e-06,1.54033234712844e-06,1.53280128341498e-06,1.53280128341498e-06,1.53016860512173e-06,1.52560843772947e-06,1.5184453019397e-06,1.51424262009219e-06,1.50624800094982e-06,1.49798064201445e-06,1.48838727809697e-06,1.48600946166399e-06,1.47614148825748e-06,1.46761035968333e-06,0
401,0.0538297,1.30294,0.000204101,0.000204101,0.000203812574771392,0.000203812574771392,0.000203812574771392,0.000203313350298901,0.00020261897090478,0.00020261897090478,0.000202305902433244,0.000201316779116011,0.000201316779116011,0.000200971005452992,0.000200372077058573,0.000199431277072841,0.000198879300517012,0.000197829294235431,0.000196743466548129,0.000195483482526944,0.000195171182197607,0.000193875131206461,0.000192754660245642,0
541,0.205442,16.546,5.66587e-05,5.66587e-05,5.6578632785728e-05,5.6578632785728e-05,5.6578632785728e-05,5.64400474303425e-05,5.62472868178141e-05,5.62472868178141e-05,5.61603786076229e-05,5.58857967031044e-05,5.58857967031044e-05,5.57898094897107e-05,5.56235461974148e-05,5.53623789118474e-05,5.52091495103072e-05,5.49176664166123e-05,5.4616239254636e-05,5.42664660704717e-05,5.41797710975428e-05,5.38199856761482e-05,5.35089414969048e-05,0
349,0.964092,79.5299,7.2305e-06,7.2305e-06,7.22028222245139e-06,7.22028222245139e-06,7.22028222245139e-06,7.20259665232509e-06,7.17799750675898e-06,7.17799750675898e-06,7.16690671551619e-06,7.13186594577349e-06,7.13186594577349e-06,7.11961653753709e-06,7.09839884749222e-06,7.06506998434685e-06,7.04551561427065e-06,7.00831799927134e-06,6.9698513719984e-06,6.92521506710435e-06,6.91415148813479e-06,6.8682374715867e-06,6.8285435686553e-06,0
479,0.732553,37.102,3.71035e-05,3.71035e-05,3.70510672070707e-05,3.70510672070707e-05,3.70510672070707e-05,3.69603132410683e-05,3.68340820817415e-05,3.68340820817415e-05,3.67771693961904e-05,3.6597356769104e-05,3.6597356769104e-05,3.65344986101248e-05,3.6425619478311e-05,3.62545915447359e-05,3.61542477828768e-05,3.59633672479032e-05,3.57659747432325e-05,3.55369223763649e-05,3.54801493313062e-05,3.52445403536432e-05,3.50408500518086e-05,0
524,0.713316,0.843999,0.000238651,0.000238651,0.000238313750455742,0.000238313750455742,0.000238313750455742,0.000237730017796008,0.000236918094597267,0.000236918094597267,0.000236552030228152,0.00023539546916877,0.00023539546916877,0.000234991163308176,0.000234290848952751,0.000233190791346983,0.000232545376787401,0.00023131762656028,0.000230047991118013,0.000228574718343064,0.000228209552146443,0.000226694107023254,0.000225383963931009,0
502,0.585505,44.1256,1.47705e-05,1.47705e-05,1.47496270751287e-05,1.47496270751287e-05,1.47496270751287e-05,1.47134989078442e-05,1.46632476555679e-05,1.46632476555679e-05,1.46405913341445e-05,1.45690098820341e-05,1.45690098820341e-05,1.45439867322719e-05,1.45006431335155e-05,1.4432558772394e-05,1.43926130116292e-05,1.43166255457074e-05,1.42380457354405e-05,1.41468624782055e-05,1.41242617461441e-05,1.4030468373428e-05,1.39493814785731e-05,0
470,0.0741862,1.17548,0.000192675,0.000192675,0.00019240272141772,0.00019240272141772,0.00019240272141772,0.00019193144457323,0.00019127593798697,0.00019127593798697,0.000190980395741938,0.0001900466456126,0.0001900466456126,0.000189720229080971,0.000189154829948214,0.000188266697909416,0.000187745622153322,0.000186754397415062,0.000185729356628144,0.000184539909142429,0.000184245092037393,0.000183021596685979,0.000181963852028305,0
301,0.0515755,4.88632,4.86118e-05,4.86118e-05,4.85431042585385e-05,4.85431042585385e-05,4.85431042585385e-05,4.84242013613854e-05,4.8258817398391e-05,4.8258817398391e-05,4.81842522471931e-05,4.79486675863013e-05,4.79486675863013e-05,4.78663128690195e-05,4.77236629686083e-05,4.74995877276913e-05,4.73681205916329e-05,4.71180351174855e-05,4.68594178722511e-05,4.65593209043722e-05,4.64849387056097e-05,4.61762514793276e-05,4.59093830648998e-05,0
511,0.83754,3.35069,3.40473e-05,3.40473e-05,3.39991860746102e-05,3.39991860746102e-05,3.39991860746102e-05,3.39159074753763e-05,3.38000739246076e-05,3.38000739246076e-05,3.37478491135045e-05,3.35828475783879e-05,3.35828475783879e-05,3.35251670200521e-05,3.3425256217443e-05,3.32683157842545e-05,3.31762372966955e-05,3.30010795127019e-05,3.28199461472708e-05,3.26097607294408e-05,3.25576640567003e-05,3.23414620934035e-05,3.21545496777647e-05,0
519,0.0922643,5.65418,2.9321e-06,2.9321e-06,2.92795650431501e-06,2.92795650431501e-06,2.92795650431501e-06,2.92078468214956e-06,2.91080927869e-06,2.91080927869e-06,2.9063117599841e-06,2.89210208693762e-06,2.89210208693762e-06,2.88713472784904e-06,2.8785305664521e-06,2.8650151028426e-06,2.85708544811603e-06,2.84200113486806e-06,2.82640221393216e-06,2.80830137587396e-06,2.80381489224259e-06,2.78519591873859e-06,2.76909931507561e-06,0
777,0.317803,31.7583,4.8352e-06,4.8352e-06,4.82836713947818e-06,4.82836713947818e-06,4.82836713947818e-06,4.81654039600612e-06,4.80009038720435e-06,4.80009038720435e-06,4.79267372254531e-06,4.76924116188424e-06,4.76924116188424e-06,4.76104970365803e-06,4.74686095116443e-06,4.72457318142782e-06,4.71149672887372e-06,4.68662183667475e-06,4.66089832707097e-06,4.63104901354857e-06,4.62365054635632e-06,4.59294679795533e-06,4.56640258117172e-06,0
323,0.117584,1.50544,2.26409e-05,2.26409e-05,2.26089050232072e-05,2.26089050232072e-05,2.26089050232072e-05,2.25535261110058e-05,2.24764986862291e-05,2.24764986862291e-05,2.24417700373875e-05,2.23320467037775e-05,2.23320467037775e-05,2.22936900718793e-05,2.22272510153083e-05,2.2122888183196e-05,2.20616574885748e-05,2.19451804148679e-05,2.18247296768244e-05,2.16849597970822e-05,2.16503163581649e-05,2.15065455736736e-05,2.13822518613606e-05,0
361,0.909736,11.7544,1.58735e-05,1.58735e-05,1.58510683712167e-05,1.58510683712167e-05,1.58510683712167e-05,1.58122423014567e-05,1.57582384929865e-05,1.57582384929865e-05,1.57338902909545e-05,1.56569634313306e-05,1.56569634313306e-05,1.56300716559844e-05,1.55834913360995e-05,1.55103227157914e-05,1.54673939704205e-05,1.53857320740521e-05,1.53012842477583e-05,1.52032918010761e-05,1.51790033395903e-05,1.50782058647717e-05,1.49910637351566e-05,0
496,0.294305,8.86992,3.74419e-05,3.74419e-05,3.73889889972758e-05,3.73889889972758e-05,3.73889889972758e-05,3.72974073157722e-05,3.7170024873566e-05,3.7170024873566e-05,3.71125931196578e-05,3.69311405234848e-05,3.69311405234848e-05,3.6867709070854e-05,3.67578369141718e-05,3.6585249131722e-05,3.64839901912676e-05,3.62913687430908e-05,3.6092175933231e-05,3.58610345095103e-05,3.58037436696763e-05,3.55659858360282e-05,3.53604377903651e-05,0
525,0.519257,0.86061,0.000155317,0.000155317,0.0001550975138572,0.0001550975138572,0.0001550975138572,0.000154717613477516,0.000154189203894238,0.000154189203894238,0.000153950964709747,0.000153198260576682,0.000153198260576682,0.000152935133360162,0.000152479360182,0.00015176342919007,0.000151343385472882,0.000150544350555678,0.000149718056226357,0.000148759232221485,0.000148521577578678,0.000147535307291948,0.000146682650086832,0
375,0.0898149,8.39024,2.83584e-05,2.83584e-05,2.83183253408707e-05,2.83183253408707e-05,2.83183253408707e-05,2.82489616078135e-05,2.81524824694937e-05,2.81524824694937e-05,2.81089838048951e-05,2.79715520692377e-05,2.79715520692377e-05,2.79235092480592e-05,2.78402923555388e-05,2.77095748072888e-05,2.76328815428715e-05,2.74869905470627e-05,2.73361224185989e-05,2.71610564911102e-05,2.71176645544737e-05,2.69375873749041e-05,2.6781905806978e-05,0
569,0.848864,23.9821,6.065e-07,6.065e-07,6.05642924820796e-07,6.05642924820796e-07,6.05642924820796e-07,6.04159445354425e-07,6.02096049768249e-07,6.02096049768249e-07,6.01165745516986e-07,5.98226498321226e-07,5.98226498321226e-07,5.9719900836958e-07,5.95419251919512e-07,5.92623600789207e-07,5.9098336492015e-07,5.87863199855898e-07,5.84636589048756e-07,5.80892460853162e-07,5.7996443918868e-07,5.76113135539359e-07,5.7278357988928e-07,0
550,0.958185,9.04846,3.05042e-05,3.05042e-05,3.04610930046472e-05,3.04610930046472e-05,3.04610930046472e-05,3.03864807139002e-05,3.028270127179e-05,3.028270127179e-05,3.02359111861488e-05,3.0088080379374e-05,3.0088080379374e-05,3.00364022936642e-05,2.99468886140201e-05,2.98062800382426e-05,2.97237836112073e-05,2.95668534559675e-05,2.94045695625079e-05,2.92162568909432e-05,2.91695816090673e-05,2.89758784981364e-05,2.88084169458509e-05,0
396,0.125966,3.8226,3.95983e-05,3.95983e-05,3.95423416816675e-05,3.95423416816675e-05,3.95423416816675e-05,3.94454855152154e-05,3.93107667065755e-05,3.93107667065755e-05,3.92500272723912e-05,3.90581242349108e-05,3.90581242349108e-05,3.89910395599689e-05,3.8874839510774e-05,3.86923118402824e-05,3.85852210702681e-05,3.83815059305092e-05,3.81708409631152e-05,3.79263873579584e-05,3.78657969535451e-05,3.7614345878035e-05,3.73969596562732e-05,0
369,0.215677,13.5199,8.7106e-06,8.7106e-06,8.69829061985825e-06,8.69829061985825e-06,8.69829061985825e-06,8.67698477280173e-06,8.64735012549267e-06,8.64735012549267e-06,8.63398902374322e-06,8.59177532774422e-06,8.59177532774422e-06,8.57701843743456e-06,8.55145743737857e-06,8.51130607919945e-06,8.48774888453992e-06,8.44293683209363e-06,8.39659599763907e-06,8.34282253834717e-06,8.32949421928593e-06,8.27418149782216e-06,8.22636216155576e-06,0
381,0.456209,28.0003,2.16085e-05,2.16085e-05,2.15779639587637e-05,2.15779639587637e-05,2.15779639587637e-05,2.15251102637116e-05,2.14515952043153e-05,2.14515952043153e-05,2.14184501434523e-05,2.13137300725049e-05,2.13137300725049e-05,2.12771224606003e-05,2.12137129515297e-05,2.11141089491403e-05,2.1055670306475e-05,2.09445044585098e-05,2.08295461409069e-05,2.06961496131007e-05,2.06630858766836e-05,2.052587088096e-05,2.04072448244642e-05,0
401,0.405763,0.322464,8.04769e-05,8.04769e-05,8.03631741080144e-05,8.03631741080144e-05,8.03631741080144e-05,8.01663302025449e-05,7.98925368303287e-05,7.98925368303287e-05,7.97690941226644e-05,7.93790834010675e-05,7.93790834010675e-05,7.92427450563196e-05,7.90065879551548e-05,7.86356310937394e-05,7.84179870739364e-05,7.80039702365756e-05,7.75758290407549e-05,7.70790181085472e-05,7.69558782788846e-05,7.64448461623865e-05,7.60030451449161e-05,0
324,0.221771,33.026,7.0329e-06,7.0329e-06,7.02296146079502e-06,7.02296146079502e-06,7.02296146079502e-06,7.00575921390459e-06,6.98183233044537e-06,6.98183233044537e-06,6.97104463585559e-06,6.93696148399563e-06,6.93696148399563e-06,6.92504683588198e-06,6.90440899723782e-06,6.87199096783251e-06,6.85297099282263e-06,6.81678993943371e-06,6.77937455419785e-06,6.7359581004686e-06,6.72519687447662e-06,6.68053762726259e-06,6.64192850618849e-06,0
422,0.269083,19.3643,7.41819e-05,7.41819e-05,7.40770698841942e-05,7.40770698841942e-05,7.40770698841942e-05,7.38956233459809e-05,7.36432464209452e-05,7.36432464209452e-05,7.35294595504807e-05,7.3169955937041e-05,7.3169955937041e-05,7.30442821417499e-05,7.28265975333356e-05,7.2484657364196e-05,7.22840377216325e-05,7.19024057797036e-05,7.15077543036371e-05,7.10498045206318e-05,7.09362968366872e-05,7.04652382675469e-05,7.00579954575245e-05,0
436,0.159189,12.3318,1.1031e-05,1.1031e-05,1.10154115477299e-05,1.10154115477299e-05,1.10154115477299e-05,1.09884300770069e-05,1.09509011129325e-05,1.09509011129325e-05,1.09339807729561e-05,1.0880521851577e-05,1.0880521851577e-05,1.08618339016073e-05,1.08294637558518e-05,1.07786165545025e-05,1.07487840040135e-05,1.06920345550048e-05,1.06333490746856e-05,1.05652510068775e-05,1.05483721825067e-05,1.04783248114339e-05,1.04177669740456e-05,0
324,0.361034,43.098,2.12846e-05,2.12846e-05,2.12545216778907e-05,2.12545216778907e-05,2.12545216778907e-05,2.12024602318067e-05,2.11300471243154e-05,2.11300471243154e-05,2.10973988904054e-05,2.09942485180016e-05,2.09942485180016e-05,2.09581896348609e-05,2.08957306008344e-05,2.07976196098235e-05,2.07400569315407e-05,2.06305574009115e-05,2.05173222477612e-05,2.03859252634381e-05,2.03533571349635e-05,2.021819891954e-05,2.01013510049652e-05,0
343,0.222669,22.719,5.8756e-06,5.8756e-06,5.86729689872559e-06,5.86729689872559e-06,5.86729689872559e-06,5.85292537036184e-06,5.83293577909039e-06,5.83293577909039e-06,5.82392325533323e-06,5.79544866205473e-06,5.79544866205473e-06,5.78549463079358e-06,5.76825285503427e-06,5.74116937971487e-06,5.72527923977714e-06,5.69505196549599e-06,5.66379347504513e-06,5.62752142289999e-06,5.61853101219623e-06,5.58122067464972e-06,5.54896488375508e-06,0
477,0.188195,7.98141,2.00814e-05,2.00814e-05,2.00530219793839e-05,2.00530219793839e-05,2.00530219793839e-05,2.00039035217483e-05,1.99355838644948e-05,1.99355838644948e-05,1.99047812069659e-05,1.98074618357591e-05,1.98074618357591e-05,1.9773441330046e-05,1.97145130511072e-05,1.96219481894285e-05,1.95676394794848e-05,1.9464329862467e-05,1.93574957944331e-05,1.92335265678099e-05,1.92027994874255e-05,1.90752816488377e-05,1.89650390456531e-05,0
430,0.845576,11.6408,7.2786e-06,7.2786e-06,7.26831424995985e-06,7.26831424995985e-06,7.26831424995985e-06,7.25051102878271e-06,7.2257482404669e-06,7.2257482404669e-06,7.21458366911779e-06,7.17930979502205e-06,7.17930979502205e-06,7.1669788991242e-06,7.14562006104099e-06,7.11206948178784e-06,7.09238502870207e-06,7.05493996120551e-06,7.01621743948933e-06,6.97128419714069e-06,6.96014701909106e-06,6.91392756527086e-06,6.87396960359788e-06,0
426,0.866607,56.3475,1.6233e-06,1.6233e-06,1.6210060343967e-06,1.6210060343967e-06,1.6210060343967e-06,1.61703549487855e-06,1.61151280723627e-06,1.61151280723627e-06,1.60902284368957e-06,1.60115593524294e-06,1.60115593524294e-06,1.59840585372851e-06,1.59364232752011e-06,1.58615975459377e-06,1.58176965585306e-06,1.5734185199111e-06,1.56478248145564e-06,1.55476130536346e-06,1.55227745117063e-06,1.54196941949059e-06,1.53305784869624e-06,0
438,0.202422,6.13472,2.71253e-05,2.71253e-05,2.70869678955343e-05,2.70869678955343e-05,2.70869678955343e-05,2.70206202853625e-05,2.6928336321152e-05,2.6928336321152e-05,2.68867290962439e-05,2.67552732644893e-05,2.67552732644893e-05,2.67093194752306e-05,2.66297210784705e-05,2.65046874830791e-05,2.64313290494123e-05,2.62917817890374e-05,2.61474738152089e-05,2.5980020228162e-05,2.59385150903952e-05,2.57662681540738e-05,2.56173560421611e-05,0
462,0.536907,42.1199,7.9273e-06,7.9273e-06,7.91609753987122e-06,7.91609753987122e-06,7.91609753987122e-06,7.89670761938686e-06,7.86973786533856e-06,7.86973786533856e-06,7.85757825958253e-06,7.81916062677964e-06,7.81916062677964e-06,7.80573074863672e-06,7.78246831944196e-06,7.74592756889742e-06,7.72448875306102e-06,7.68370642080406e-06,7.64153278213719e-06,7.59259489681991e-06,7.58046512577152e-06,7.53012639630859e-06,7.48660720998564e-06,0
306,0.882541,0.255329,0.000100522,0.000100522,0.000100379947384726,0.000100379947384726,0.000100379947384726,0.000100134073810251,9.97920842783247e-05,9.97920842783247e-05,9.96378945933364e-05,9.91507404192024e-05,9.91507404192024e-05,9.89804430656668e-05,9.86854642068478e-05,9.82221098079681e-05,9.7950255248975e-05,9.74331155414915e-05,9.68983333954807e-05,9.62777773287412e-05,9.61239659622828e-05,9.54856465139117e-05,9.49338021725148e-05,0
476,0.0867968,6.39843,8.7372e-06,8.7372e-06,8.72485303008122e-06,8.72485303008122e-06,8.72485303008122e-06,8.70348212028142e-06,8.67375697615028e-06,8.67375697615028e-06,8.6603550729283e-06,8.6180124668297e-06,8.6180124668297e-06,8.60321051265737e-06,8.57757145568205e-06,8.53729748526869e-06,8.51366835281177e-06,8.46871945553331e-06,8.4222371077276e-06,8.36829943770198e-06,8.35493041727838e-06,8.2994487845581e-06,8.25148341996475e-06,0
438,0.202422,6.13472,2.71253e-05,2.71253e-05,2.70869678955343e-05,2.70869678955343e-05,2.70869678955343e-05,2.70206202853625e-05,2.6928336321152e-05,2.6928336321152e-05,2.68867290962439e-05,2.67552732644893e-05,2.67552732644893e-05,2.67093194752306e-05,2.66297210784705e-05,2.65046874830791e-05,2.64313290494123e-05,2.62917817890374e-05,2.61474738152089e-05,2.5980020228162e-05,2.59385150903952e-05,2.57662681540738e-05,2.56173560421611e-05,0
406,0.869365,72.1123,5.062e-06,5.062e-06,5.05484663716879e-06,5.05484663716879e-06,5.05484663716879e-06,5.04246514820132e-06,5.02524353491653e-06,5.02524353491653e-06,5.01747898401811e-06,4.9929472951394e-06,4.9929472951394e-06,4.98437160818931e-06,4.96951731775197e-06,4.94618411738659e-06,4.93249430045474e-06,4.90645262600257e-06,4.87952252887849e-06,4.84827310278435e-06,4.8405276029235e-06,4.80838366380913e-06,4.78059436339577e-06,0
553,0.0771334,3.09694,2.53715e-05,2.53715e-05,2.53356462771489e-05,2.53356462771489e-05,2.53356462771489e-05,2.52735884052923e-05,2.5187271107494e-05,2.5187271107494e-05,2.51483540187704e-05,2.50253975303495e-05,2.50253975303495e-05,2.49824149065932e-05,2.49079629844615e-05,2.47910134994615e-05,2.47223980924511e-05,2.45918733308226e-05,2.44568956620783e-05,2.43002688714526e-05,2.42614472693745e-05,2.41003370458975e-05,2.3961052921947e-05,0
754,0.805632,1.58516,3.63772e-05,3.63772e-05,3.63257935775615e-05,3.63257935775615e-05,3.63257935775615e-05,3.6236816117967e-05,3.61130559301394e-05,3.61130559301394e-05,3.60572573088549e-05,3.58809645090369e-05,3.58809645090369e-05,3.58193367968044e-05,3.57125889710247e-05,3.55449089045823e-05,3.54465293691233e-05,3.5259385315413e-05,3.50658567636346e-05,3.48412880905979e-05,3.4785626376347e-05,3.45546294379924e-05,3.43549263682578e-05,0
312,0.387141,2.63608,1.6732e-06,1.6732e-06,1.67083551823604e-06,1.67083551823604e-06,1.67083551823604e-06,1.66674292492502e-06,1.66105047068794e-06,1.66105047068794e-06,1.65848396603301e-06,1.65037522999353e-06,1.65037522999353e-06,1.64754061138332e-06,1.64263065508941e-06,1.63491806898681e-06,1.63039301926529e-06,1.62178517064945e-06,1.61288366165932e-06,1.60255443610801e-06,1.59999422860758e-06,1.58936932957041e-06,1.58018381841837e-06,0
315,0.878487,20.7984,2.26309e-05,2.26309e-05,2.25989191547023e-05,2.25989191547023e-05,2.25989191547023e-05,2.25435647021788e-05,2.24665712987638e-05,2.24665712987638e-05,2.24318579888217e-05,2.23221831176551e-05,2.23221831176551e-05,2.22838434270587e-05,2.22174337151942e-05,2.21131169779068e-05,2.20519133275704e-05,2.19354876992891e-05,2.18150901617535e-05,2.16753820153699e-05,2.16407538777166e-05,2.14970465936977e-05,2.1372807779252e-05,0
460,0.203624,20.4081,6.0584e-06,6.0584e-06,6.04983857499474e-06,6.04983857499474e-06,6.04983857499474e-06,6.03501992371846e-06,6.01440842195541e-06,6.01440842195541e-06,6.00511550311642e-06,5.9757550163715e-06,5.9757550163715e-06,5.9654912981142e-06,5.94771310111982e-06,5.91978701240121e-06,5.90340250293856e-06,5.87223480627695e-06,5.84000381054078e-06,5.80260327260148e-06,5.79333315479093e-06,5.75486202860948e-06,5.7216027047011e-06,0
749,0.0588227,0.223043,0.000154619,0.000154619,0.000154400500235559,0.000154400500235559,0.000154400500235559,0.000154022307141395,0.000153496272249162,0.000153496272249162,0.000153259103719853,0.000152509782265342,0.000152509782265342,0.000152247837551684,0.000151794112634036,0.000151081399060884,0.000150663243034771,0.000149867799008276,0.00014904521807441,0.000148090703057964,0.000147854116443388,0.000146872278489629,0.000146023453155648,0
339,0.578723,9.64433,2.64842e-05,2.64842e-05,2.64467738656866e-05,2.64467738656866e-05,2.64467738656866e-05,2.63819943654669e-05,2.62918915107539e-05,2.62918915107539e-05,2.62512676626892e-05,2.61229187581847e-05,2.61229187581847e-05,2.60780510757817e-05,2.60003339681562e-05,2.58782555119893e-05,2.58066308874167e-05,2.56703817932788e-05,2.55294845040149e-05,2.53659886425842e-05,2.53254644688555e-05,2.51572885478178e-05,2.50118959381759e-05,0
326,0.296525,27.9634,1.08858e-05,1.08858e-05,1.08704167370391e-05,1.08704167370391e-05,1.08704167370391e-05,1.08437904208396e-05,1.08067554469369e-05,1.08067554469369e-05,1.07900578277804e-05,1.07373025810803e-05,1.07373025810803e-05,1.07188606188122e-05,1.06869165581953e-05,1.06367386537035e-05,1.06072987862288e-05,1.05512963248002e-05,1.04933833158565e-05,1.04261816164144e-05,1.04095249663976e-05,1.03403996221836e-05,1.02806389018281e-05,0
399,0.610891,17.9491,1.6223e-06,1.6223e-06,1.62000744754621e-06,1.62000744754621e-06,1.62000744754621e-06,1.61603935399585e-06,1.61052006848974e-06,1.61052006848974e-06,1.60803163883299e-06,1.60016957663071e-06,1.60016957663071e-06,1.59742118924645e-06,1.5926605975087e-06,1.58518263406485e-06,1.58079523975261e-06,1.57244924835321e-06,1.56381852994855e-06,1.55380352719223e-06,1.5513212031258e-06,1.541019521493e-06,1.53211344048537e-06,0
443,0.13728,6.2887,3.11499e-05,3.11499e-05,3.11058805340071e-05,3.11058805340071e-05,3.11058805340071e-05,3.10296888818562e-05,3.09237126804221e-05,3.09237126804221e-05,3.08759321620438e-05,3.07249721352949e-05,3.07249721352949e-05,3.06722001497305e-05,3.05807916823868e-05,3.04372067637654e-05,3.03529640872649e-05,3.01927121008924e-05,3.00269930506345e-05,2.98346942561087e-05,2.97870309716133e-05,2.95892276351813e-05,2.94182213276061e-05,0
430,0.72314,60.3379,3.95725e-05,3.95725e-05,3.95165781409249e-05,3.95165781409249e-05,3.95165781409249e-05,3.94197850804418e-05,3.92851540469151e-05,3.92851540469151e-05,3.92244541870914e-05,3.90326761827151e-05,3.90326761827151e-05,3.89656352163317e-05,3.88495108764796e-05,3.86671021306363e-05,3.85600811348766e-05,3.83564987243158e-05,3.81459710142323e-05,3.79016766811406e-05,3.78411257539885e-05,3.75898385096971e-05,3.73725939244329e-05,0
565,0.227646,0.538013,0.00023451,0.00023451,0.000234178602307873,0.000234178602307873,0.000234178602307873,0.000233604998400769,0.000232807163447901,0.000232807163447901,0.000232447450917046,0.0002313109581555,0.0002313109581555,0.000230913667687964,0.000230225504975507,0.00022914453523673,0.000228510319715457,0.000227303873039088,0.000226056267927162,0.000224608558935985,0.000224249728992807,0.000222760579415227,0.000221473169529819,0
428,0.981915,73.7157,1.60991e-05,1.60991e-05,1.60763495646867e-05,1.60763495646867e-05,1.60763495646867e-05,1.60369716845926e-05,1.59822003542028e-05,1.59822003542028e-05,1.59575061065994e-05,1.5879485934251e-05,1.5879485934251e-05,1.58522119631372e-05,1.58049696266734e-05,1.57307611071155e-05,1.56872222426809e-05,1.56043997375104e-05,1.55187517077573e-05,1.54193665565064e-05,1.53947328985037e-05,1.52925028530283e-05,1.52041222275276e-05,0
463,0.32194,1.18551,3.87363e-05,3.87363e-05,3.86815598165471e-05,3.86815598165471e-05,3.86815598165471e-05,3.85868120743324e-05,3.84550259070698e-05,3.84550259070698e-05,3.83956086860175e-05,3.82078831111632e-05,3.82078831111632e-05,3.81422587764329e-05,3.80285882409395e-05,3.78500339443544e-05,3.77452743916841e-05,3.75459938476142e-05,3.73399147640055e-05,3.71007825743551e-05,3.70415111389027e-05,3.67955338041109e-05,3.6582879778508e-05,0
586,0.47863,33.2568,4.6801e-06,4.6801e-06,4.67348631896753e-06,4.67348631896753e-06,4.67348631896753e-06,4.66203894510015e-06,4.64611660761811e-06,4.64611660761811e-06,4.63893784928944e-06,4.61625694112641e-06,4.61625694112641e-06,4.60832824249047e-06,4.5945946263949e-06,4.57302178739253e-06,4.56036479169464e-06,4.53628781804714e-06,4.51138944832165e-06,4.48249761919025e-06,4.47533647460337e-06,4.44561761852886e-06,4.41992486766665e-06,0
