"Population","shapeRisk","v_to_h","aImp","aImp_2000","aImp_2001","aImp_2002","aImp_2003","aImp_2004","aImp_2005","aImp_2006","aImp_2007","aImp_2008","aImp_2009","aImp_2010","aImp_2011","aImp_2012","aImp_2013","aImp_2014","aImp_2015","aImp_2016","aImp_2017","aImp_2018","aImp_2019","aImp_2020"
357,0.167408,7.1412,4.7107e-05,0.02637992,0.0263633104094832,0.0263633104094832,0.0263633104094832,0.0263633104094832,0.0263633104094832,0.0263084075983681,0.0262700875149242,0.026223498685913,0.0261713288697181,0.0261034610317022,0.0259442041936561,0.0258635503101412,0.0252936308527494,0.0246622558626821,0.0240171068395865,0.0233976089122715,0.0227061722359035,0.0221367850330066,0.0211811837909269,0
351,0.260831,17.3944,1.31297e-05,0.007352632,0.00734800256189934,0.00734800256189934,0.00734800256189934,0.00734800256189934,0.00734800256189934,0.00733270000730875,0.00732201940358546,0.00730903412861002,0.00729449331650791,0.00727557713944724,0.00723118894859461,0.00720870903490058,0.00704986063657935,0.00687388330397303,0.00669406686207398,0.00652139991371668,0.00632868214078039,0.00616998209284963,0.00590363616489553,0
402,0.763376,42.3374,2.08747e-05,0.011689832,0.0116824717304188,0.0116824717304188,0.0116824717304188,0.0116824717304188,0.0116824717304188,0.0116581424436634,0.0116411615226567,0.0116205164416929,0.0115973982371347,0.0115673237098197,0.0114967516352413,0.0114610111800604,0.011208460652597,0.0109286771065177,0.0106427898219865,0.01036826940287,0.0100618704984995,0.00980955583094877,0.00938609670071248,0
408,0.0682372,8.08525,2.89323e-05,0.016202088,0.0161918866784192,0.0161918866784192,0.0161918866784192,0.0161918866784192,0.0161918866784192,0.016158166326836,0.0161346307981413,0.0161060167497493,0.0160739749561073,0.0160322917105211,0.0159344789307771,0.0158849427184516,0.0155349081011527,0.0151471285646693,0.0147508892566915,0.0143704044055557,0.0139457360260859,0.0135960283102396,0.0130091146495051,0
346,0.738236,51.0284,3.14966e-05,0.017638096,0.0176269905246212,0.0176269905246212,0.0176269905246212,0.0176269905246212,0.0176269905246212,0.0175902815030199,0.0175646599958087,0.0175335098543895,0.0174986281630748,0.0174532504878492,0.0173467684591655,0.0172928418005476,0.0169117832491287,0.0164896344068727,0.0160582759947294,0.0156440683734106,0.0151817611914441,0.0148010585150954,0.0141621260829454,0
337,0.233523,3.57728,9.87565e-05,0.05530364,0.0552688191660291,0.0552688191660291,0.0552688191660291,0.0552688191660291,0.0552688191660291,0.0551537192983683,0.0550733839486194,0.0549757137575173,0.0548663434207723,0.0547240632894751,0.0543901925711847,0.0542211073981248,0.053026311488941,0.0517026783939323,0.0503501690110519,0.0490514353396469,0.0476018871593394,0.0464082070841302,0.0444048565404011,0
371,0.733547,0.251219,0.000233241,0.13061496,0.130532720895372,0.130532720895372,0.130532720895372,0.130532720895372,0.130532720895372,0.130260880477444,0.130071146158075,0.129840470779312,0.129582162245567,0.129246128059423,0.128457599302281,0.128058257538957,0.12523641398786,0.122110285513148,0.118915957636275,0.115848636090329,0.112425124046837,0.109605915848674,0.104874445169074,0
347,0.359829,34.7079,1.71196e-05,0.009586976,0.00958093975176066,0.00958093975176066,0.00958093975176066,0.00958093975176066,0.00958093975176066,0.00956098700237803,0.00954706073875425,0.00953012945216966,0.00951116992629602,0.00948650543397647,0.00942862840159031,0.00939931721165631,0.00919219739628353,0.00896274344506704,0.0087282837423522,0.00850314614674091,0.00825186461056262,0.00804493822682532,0.0076976541496413,0
372,0.310939,26.9911,6.2854e-06,0.003519824,0.00351760781301645,0.00351760781301645,0.00351760781301645,0.00351760781301645,0.00351760781301645,0.00351028223233877,0.0035051692543848,0.00349895299298273,0.00349199207076924,0.00348293659049953,0.0034616872447578,0.00345092574605391,0.00337488244553614,0.00329063924680626,0.00320455820429102,0.00312189974010639,0.00302964262151162,0.002953670338728,0.00282616623006118,0
347,0.789398,1.12543,0.000163141,0.09135896,0.0913014376528648,0.0913014376528648,0.0913014376528648,0.0913014376528648,0.0913014376528648,0.0911112981935883,0.0909785880500191,0.0908172415802011,0.090636567031114,0.0904015270803264,0.0898499886716888,0.0895706680779237,0.0875969225581843,0.0854103441886307,0.083176063576899,0.0810306178605492,0.0786360338110585,0.076664131595511,0.073354692611196,0
384,0.0898044,4.14274,5.51133e-05,0.030863448,0.0308440154454958,0.0308440154454958,0.0308440154454958,0.0308440154454958,0.0308440154454958,0.0307797813592701,0.0307349483990972,0.0306804413383643,0.0306194047465438,0.0305400020990196,0.030353677988117,0.0302593161803534,0.0295925332811861,0.0288538498744721,0.0280990514017488,0.0273742636819304,0.026565310512005,0.025899150329242,0.024781135216093,0
387,0.373823,25.6867,7.4091e-06,0.004149096,0.00414648360445161,0.00414648360445161,0.00414648360445161,0.00414648360445161,0.00414648360445161,0.00413784836090324,0.00413182128785159,0.00412449368700614,0.004116288295341,0.00410561388180069,0.00408056559091467,0.00406788015799918,0.00397824188233395,0.00387893773562736,0.0037774671765381,0.00368003108225765,0.00357128029195305,0.00348172573052942,0.00333142651464447,0
357,0.199093,18.0201,2.90951e-05,0.016293256,0.0162829972763062,0.0162829972763062,0.0162829972763062,0.0162829972763062,0.0162829972763062,0.0162490871826964,0.016225419221251,0.0161966441636383,0.0161644220730961,0.0161225042788435,0.0160241411135254,0.0159743261644467,0.0156223219271834,0.0152323603827525,0.0148338914642931,0.0144512656518868,0.0140242076935665,0.013672532197207,0.0130823160149319,0
400,0.728981,14.1263,3.59086e-05,0.020108816,0.0200961548850483,0.0200961548850483,0.0200961548850483,0.0200961548850483,0.0200961548850483,0.0200543037146657,0.0200250931822958,0.0199895795723136,0.0199498117021071,0.0198980775851356,0.0197766797017071,0.0197151990716186,0.0192807623673559,0.018799479501363,0.018307697001719,0.0178354677518669,0.0173084012216903,0.0168743702429835,0.0161459370427936,0
388,0.335025,38.5878,2.14546e-05,0.012014576,0.0120070112618358,0.0120070112618358,0.0120070112618358,0.0120070112618358,0.0120070112618358,0.0119820061065223,0.0119645534548516,0.0119433348527138,0.0119195744235093,0.0118886644246239,0.0118161318549942,0.0117793985285405,0.0115198321373341,0.0112322761931666,0.0109384469484491,0.0106563003411217,0.0103413896629464,0.0100820656838505,0.00964684284205789,0
363,0.770836,0.130288,6.4687e-05,0.03622472,0.0362019118275042,0.0362019118275042,0.0362019118275042,0.0362019118275042,0.0362019118275042,0.0361265196746903,0.0360738988065023,0.0360099233552477,0.0359382841317736,0.0358450884955043,0.0356263981292596,0.0355156447855331,0.0347330354081516,0.0338660357269476,0.0329801216407823,0.0321294314583419,0.0311799554933214,0.0303980770040567,0.0290858521214191,0
370,0.276465,4.97503,3.39e-06,0.0018984,0.00189720471030098,0.00189720471030098,0.00189720471030098,0.00189720471030098,0.00189720471030098,0.00189325369389831,0.0018904960340415,0.00188714332360891,0.00188338898397997,0.00187850495462395,0.00186704422307712,0.0018612400609544,0.00182022647570043,0.00177479031512286,0.00172836292241489,0.00168378148072687,0.00163402305134508,0.00159304776916154,0.00152427904666488,0
452,0.399965,38.3819,3.5644e-06,0.001996064,0.00199480721811115,0.00199480721811115,0.00199480721811115,0.00199480721811115,0.00199480721811115,0.00199065293997969,0.00198775341113201,0.00198422821907717,0.00198028073584018,0.0019751454455049,0.00196309511172156,0.00195699235199583,0.00191386880530579,0.00186609516201295,0.0018172792922288,0.00177040433920438,0.00171808606613994,0.00167500279303817,0.00160269623419831,0
410,0.193018,19.8814,9.614e-07,0.000538384,0.000538045017251729,0.000538045017251729,0.000538045017251729,0.000538045017251729,0.000538045017251729,0.000536924513661899,0.000536142444580384,0.000535191619857702,0.000534126893568833,0.000532741788606333,0.000529491538662639,0.000527845485133203,0.00051621408074879,0.000503328439220978,0.000490161685430583,0.00047751844117133,0.000463407009310667,0.000451786467631829,0.000432283739074812,0
339,0.157216,6.60721,8.6771e-06,0.004859176,0.00485611651674118,0.00485611651674118,0.00485611651674118,0.00485611651674118,0.00485611651674118,0.00484600342988939,0.00483894487816564,0.00483036322515838,0.00482075355542555,0.00480825231320575,0.00477891723541667,0.00476406080616737,0.00465908175584078,0.00454278260865857,0.00442394628734107,0.00430983489274782,0.00418247239493405,0.00407759138577922,0.00390156982767428,0
358,0.665018,32.2957,2.79851e-05,0.015671656,0.0156617886543492,0.0156617886543492,0.0156617886543492,0.0156617886543492,0.0156617886543492,0.0156291722563757,0.0156064072455029,0.0155787299780318,0.0155477371845362,0.0155074185857365,0.015412808049332,0.0153648935781165,0.0150263185678833,0.0146512343503672,0.0142679673215554,0.0138999389723568,0.0134891735971083,0.0131509147860656,0.0125832157961125,0
343,0.354775,1.94432,8.7179e-06,0.004882024,0.00487895013095366,0.00487895013095366,0.00487895013095366,0.00487895013095366,0.00487895013095366,0.00486878949204604,0.00486169775078773,0.00485307574657527,0.00484342089186991,0.00483086086841185,0.00480138785615459,0.00478646157150276,0.00468098890634479,0.00456414291687598,0.00444474782339846,0.00433009987340081,0.00420213851307413,0.00409676435008064,0.00391991513301467,0
336,0.695497,3.45713,3.83584e-05,0.021480704,0.0214671791031295,0.0214671791031295,0.0214671791031295,0.0214671791031295,0.0214671791031295,0.021422472711513,0.0213912693428252,0.0213533328803304,0.0213108519183178,0.0212555883337603,0.0211259082968972,0.0210602332608003,0.0205961578895302,0.0200820403609465,0.019556706879988,0.0190522606343108,0.0184892359329543,0.0180255939671404,0.0172474647149233,0
333,0.498651,15.131,3.8358e-06,0.002148048,0.00214669552441666,0.00214669552441666,0.00214669552441666,0.00214669552441666,0.00214669552441666,0.00214222493187467,0.00213910462754466,0.00213531102085518,0.00213106296895291,0.00212553666812583,0.00211256879966939,0.00210600136454539,0.00205959431135449,0.002008183094616,0.001955650294336,0.00190520619580298,0.00184890431278745,0.00180254059969021,0.00172472848589886,0
383,0.425407,13.9433,1.0676e-06,0.000597856,0.000597479571893016,0.000597479571893016,0.000597479571893016,0.000597479571893016,0.000597479571893016,0.000596235293099067,0.000595366833611418,0.000594310977075185,0.000593128636960772,0.000591590527892783,0.000587981242642224,0.000586153359609119,0.000573237104854804,0.000558928065022172,0.000544306860168182,0.000530266993753393,0.000514596757998823,0.000501692565886978,0.000480035489740243,0
386,0.0969987,17.3085,3.0024e-06,0.001681344,0.00168028537528249,0.00168028537528249,0.00168028537528249,0.00168028537528249,0.00168028537528249,0.00167678610341011,0.00167434374413162,0.0016713743701485,0.00166804928775854,0.00166372368016606,0.00165357332606689,0.00164843279026828,0.00161210854591239,0.00157186738705748,0.00153074832986975,0.00149126416452341,0.0014471949290143,0.00141090460829811,0.00134999864593116,0
384,0.692568,38.8367,2.37398e-05,0.013294288,0.0132859175166971,0.0132859175166971,0.0132859175166971,0.0132859175166971,0.0132859175166971,0.0132582489800611,0.0132389373890674,0.013215458723838,0.0131891674931822,0.0131549651686672,0.013074706916521,0.0130340610026682,0.0127468473415437,0.0124286628681279,0.0121035369042906,0.0117913379339704,0.0114428850838708,0.0111559396549679,0.0106743597970545,0
372,0.07025,9.65849,9.573e-07,0.000536088,0.000535750462882338,0.000535750462882338,0.000535750462882338,0.000535750462882338,0.000535750462882338,0.000534634737807921,0.000533856003949242,0.000532909234127084,0.000531849048484963,0.000530469850460623,0.000527233461578682,0.000525594427832343,0.000514012626899123,0.000501181937659915,0.000488071334993443,0.000475482009291985,0.000461430757242669,0.000449859772689775,0.000430440215744037,0
350,0.335652,41.1184,1.13774e-05,0.006371344,0.0063673324103181,0.0063673324103181,0.0063673324103181,0.0063673324103181,0.0063673324103181,0.00635407214659547,0.00634481698457339,0.00633356473452155,0.00632096455054092,0.00630457294122082,0.00626610883293147,0.00624662910604795,0.00610898073883013,0.00595648947825333,0.00580067147890359,0.00565104879611264,0.00548405128742582,0.00534653147163967,0.00511573227891592,0
379,0.252895,16.8809,2.34e-07,0.00013104,0.000130957493277413,0.000130957493277413,0.000130957493277413,0.000130957493277413,0.000130957493277413,0.000130684768251388,0.000130494416509059,0.000130262990479199,0.000130003841372069,0.000129666713682007,0.000128875618938067,0.000128474977658799,0.00012564395142003,0.000122507650070427,0.00011930292738793,0.000116225624333359,0.000112790971685767,0.000109962589375752,0.000105215721805186,0
393,0.56626,46.8212,2.12664e-05,0.011909184,0.0119016856198067,0.0119016856198067,0.0119016856198067,0.0119016856198067,0.0119016856198067,0.0118768998100056,0.0118596002531977,0.011838567780884,0.01181501577844,0.0117843769224233,0.0117124806093355,0.0116760695080474,0.0114187800362347,0.0111337465361442,0.0108424947649687,0.0105628231509528,0.0102506748728982,0.00999362568675425,0.00956222062477697,0
349,0.18297,17.8138,6.5025e-06,0.0036414,0.00363910726511272,0.00363910726511272,0.00363910726511272,0.00363910726511272,0.00363910726511272,0.00363152865621645,0.00362623907414598,0.00361980810081621,0.00361260674581999,0.00360323848597117,0.0035812551801059,0.00357012197532624,0.00349145211157583,0.00340429912214937,0.00331524480914537,0.00322973129157123,0.00313428757857563,0.00305569118553773,0.00292378303862488,0
367,0.103672,13.8056,9.4635e-06,0.00529956,0.00529622323773844,0.00529622323773844,0.00529622323773844,0.00529622323773844,0.00529622323773844,0.00528519360832055,0.00527749534458754,0.00526813594187993,0.00525765535395117,0.00524402113217811,0.0052120274351299,0.00519582457723951,0.00508133134300621,0.00495449207880978,0.00482488569801572,0.00470043246102027,0.00456152718183014,0.00444714087417705,0.00425516659531359,0
337,0.411303,55.2687,3.0968e-06,0.001734208,0.00173311609051919,0.00173311609051919,0.00173311609051919,0.00173311609051919,0.00173311609051919,0.00172950679624315,0.00172698764549254,0.00172392490989737,0.00172049528188471,0.00171603367064291,0.00170556417404874,0.00170026201202465,0.00166279567845106,0.00162128927665854,0.00157887737408095,0.00153815176681857,0.00149269692784822,0.00145526558452491,0.00139244464652265,0
324,0.444686,3.44711,2.60687e-05,0.014598472,0.0145892803632517,0.0145892803632517,0.0145892803632517,0.0145892803632517,0.0145892803632517,0.0145588975133118,0.0145376914344005,0.0145119094867739,0.0144830390580173,0.0144454814485562,0.0143573497752598,0.0143127164533929,0.013997326822151,0.0136479281085083,0.0132909069367425,0.0129480809105087,0.0125654444597639,0.012250349374614,0.0117215260129182,0
360,0.310927,15.9066,5.193e-06,0.00290808,0.00290624898542566,0.00290624898542566,0.00290624898542566,0.00290624898542566,0.00290624898542566,0.00290019658773272,0.0028959722432972,0.00289083636563454,0.00288508524891091,0.00287760360748147,0.00286004738951018,0.00285115623496643,0.00278832922959067,0.00271872746502448,0.00264760727318599,0.00257931481693647,0.0025030919485649,0.00244032361806958,0.00233497967236894,0
384,0.401759,39.0893,7.3763e-06,0.004130728,0.00412812716949649,0.00412812716949649,0.00412812716949649,0.00412812716949649,0.00412812716949649,0.00411953015407142,0.00411352976280246,0.00410623460116119,0.00409806553467005,0.00408743837663501,0.00406250097424301,0.00404987169959231,0.00396063025153661,0.00386176572313886,0.00376074437304099,0.00366373962722289,0.00355547027540907,0.00346631217099299,0.00331667832799827,0
380,0.193369,16.0778,3.26289e-05,0.018272184,0.018260679283758,0.018260679283758,0.018260679283758,0.018260679283758,0.018260679283758,0.0182226505760586,0.0181961079779165,0.0181638379916528,0.018127702306603,0.0180806933079438,0.0179703832596936,0.017914517942441,0.0175197603696112,0.0170824353136024,0.0166355696044788,0.0162064712556014,0.0157275441711013,0.0153331552670191,0.014671253270125,0
385,0.0317814,1.16703,6.27443e-05,0.035136808,0.0351146848095981,0.0351146848095981,0.0351146848095981,0.0351146848095981,0.0351146848095981,0.0350415568572459,0.0349905163152538,0.0349284621945471,0.0348589744623996,0.0347685777063161,0.0345564551168195,0.034449027951782,0.0336899221413837,0.03284896046288,0.0319896524226774,0.0311645104310238,0.0302435494219797,0.0294851525494402,0.0282123368105177,0
346,0.641449,27.4348,2.80673e-05,0.015717688,0.0157077916712185,0.0157077916712185,0.0157077916712185,0.0157077916712185,0.0157077916712185,0.0156750794698384,0.0156522475918151,0.0156244890285335,0.015593405200608,0.0155529681749017,0.0154580797411129,0.0154100245318069,0.0150704550328693,0.0146942690889816,0.0143098762986122,0.0139407669480841,0.0135287950410082,0.0131895426700258,0.0126201761906953,0
320,0.208623,24.3423,3.05175e-05,0.0170898,0.0170790397482626,0.0170790397482626,0.0170790397482626,0.0170790397482626,0.0170790397482626,0.0170434718594518,0.0170186468197232,0.0169884650083289,0.0169546676456073,0.0169107005760285,0.0168075286365062,0.0167552783363351,0.0163860653310289,0.0159770393633516,0.0155590901135093,0.0151577585068089,0.0147098225573521,0.014340954364421,0.0137218837187597,0
311,0.249534,7.53697,5.3725e-05,0.030086,0.0300670569501239,0.0300670569501239,0.0300670569501239,0.0300670569501239,0.0300670569501239,0.0300044409158368,0.0299607372946548,0.0299076032627991,0.0298481041782666,0.0297707016776318,0.0295890710574686,0.0294970862167478,0.0288470995300902,0.0281270235044175,0.0273912383500708,0.026684707979956,0.0258961322812727,0.0252467526248388,0.0241569002306993,0
453,0.959616,33.5703,4.81319e-05,0.026953864,0.0269368930370902,0.0269368930370902,0.0269368930370902,0.0269368930370902,0.0269368930370902,0.0268807957136708,0.026841641905865,0.026794039450623,0.0267407345834884,0.0266713901550043,0.0265086683895947,0.0264262597315195,0.0258439406211698,0.0251988288992513,0.0245396434647142,0.0239066672130376,0.0232001870516332,0.0226184117759605,0.0216420196596369,0
446,0.877177,74.7769,1.23668e-05,0.006925408,0.00692104755497054,0.00692104755497054,0.00692104755497054,0.00692104755497054,0.00692104755497054,0.00690663415389429,0.00689657414565913,0.00688434337888104,0.00687064745931667,0.00685283040496859,0.00681102138582601,0.00678984766543093,0.00664022913855225,0.00647447695252547,0.00630510872829512,0.0061424745769478,0.00596095465232283,0.00581147585594894,0.00556060593342041,0
363,0.875846,11.8677,5.15693e-05,0.028878808,0.0288606250344909,0.0288606250344909,0.0288606250344909,0.0288606250344909,0.0288606250344909,0.0288005214503688,0.0287585714242762,0.0287075693799956,0.0286504576789258,0.0285761609311177,0.0284018181867644,0.0283135242110252,0.0276896180511323,0.0269984348665679,0.0262921728775487,0.0256139918330525,0.0248570575049351,0.0242337340183546,0.0231876116345649,0
343,0.0941059,5.60204,3.42611e-05,0.019186216,0.0191741357817383,0.0191741357817383,0.0191741357817383,0.0191741357817383,0.0191741357817383,0.0191342047587078,0.0191063344164895,0.0190724501842175,0.0190345068787717,0.0189851463424386,0.018869318239312,0.0188106583635294,0.0183961537777641,0.017936952349692,0.0174677330150881,0.0170171698198617,0.0165142852992445,0.0161001678241948,0.015405155411708,0
335,0.172237,17.329,3.6207e-06,0.002027592,0.00202631536713473,0.00202631536713473,0.00202631536713473,0.00202631536713473,0.00202631536713473,0.0020220954718282,0.00201915014467672,0.00201556927191469,0.00201155943784551,0.00200634303516429,0.00199410236533786,0.00198790321200519,0.00194409852524146,0.00189557029320511,0.00184598337262171,0.0017983680257427,0.00174522338112246,0.00170145960407173,0.00162801095700871,0
335,0.0446074,11.9518,3.3167e-05,0.01857352,0.0185618255535553,0.0185618255535553,0.0185618255535553,0.0185618255535553,0.0185618255535553,0.0185231696948452,0.0184961893690426,0.0184633872018103,0.0184266555845616,0.0183788713362869,0.0182667421082003,0.0182099554872196,0.0178086877638809,0.0173641505550678,0.016909915353314,0.0164737405224979,0.0159869152047087,0.0155860222300238,0.0149132044662932,0
360,0.21792,15.7172,2.55207e-05,0.014291592,0.0142825935841234,0.0142825935841234,0.0142825935841234,0.0142825935841234,0.0142825935841234,0.0142528494235607,0.0142320891256528,0.0142068491500962,0.0141785856175391,0.0141418175207881,0.0140555384967211,0.0140118434287902,0.0137030837222443,0.0133610298510784,0.0130115137563639,0.0126758944056596,0.0123013015004314,0.0119928301482126,0.0114751233823659,0
386,0.107986,9.05347,2.28718e-05,0.012808208,0.0128001435672749,0.0128001435672749,0.0128001435672749,0.0128001435672749,0.0128001435672749,0.0127734866773166,0.0127548811774013,0.0127322609642827,0.0127069310217679,0.0126739792392826,0.012596655475332,0.0125574957009253,0.0122807834533703,0.0119742327815419,0.0116609944215011,0.011360210404392,0.0110244980606945,0.0107480442379672,0.0102840724187344,0
349,0.654723,32.1515,1.78033e-05,0.009969848,0.00996357068404171,0.00996357068404171,0.00996357068404171,0.00996357068404171,0.00996357068404171,0.00994282108807664,0.00992833865570828,0.00991073118973645,0.00989101448333056,0.00986536497305505,0.00980517652410294,0.00977469474253375,0.00955930324921462,0.00932068566879845,0.00907686242378437,0.00884273357988927,0.00858141669321885,0.00836622635655268,0.00800507290604389,0
348,0.654105,21.4278,3.3182e-06,0.001858192,0.00185702202646628,0.00185702202646628,0.00185702202646628,0.00185702202646628,0.00185702202646628,0.00185315469235793,0.00185045543957419,0.00184717373935077,0.00184349891641367,0.00183871833051127,0.00182750033658245,0.00182181910627106,0.00178167418633309,0.00173720036095595,0.00169175629768646,0.00164811908830321,0.00159941453952013,0.00155930711139581,0.00149199490638448,0
369,0.35363,21.9955,1.4808e-06,0.000829248,0.000828725880535011,0.000828725880535011,0.000828725880535011,0.000828725880535011,0.000828725880535011,0.000827000020626731,0.000825795435754766,0.000824330924365805,0.000822690975657092,0.000820557562479986,0.000815551352664486,0.000813016012466452,0.00079510069770419,0.000775253539420038,0.000754973396906186,0.000735499591935205,0.000713764405437109,0.000695865821998349,0.000665826670295383,0
345,0.181394,1.84709,0.000190298,0.10656688,0.106499782289338,0.106499782289338,0.106499782289338,0.106499782289338,0.106499782289338,0.106277991575652,0.106123190054876,0.105934985308593,0.105724235065906,0.105450069573755,0.104806720225112,0.104480902985103,0.102178601142431,0.0996280375773597,0.0970218310943093,0.0945192472623485,0.0917260526917011,0.0894259009958413,0.0855655616584757,0
345,0.181394,1.84709,0.000190298,0.10656688,0.106499782289338,0.106499782289338,0.106499782289338,0.106499782289338,0.106499782289338,0.106277991575652,0.106123190054876,0.105934985308593,0.105724235065906,0.105450069573755,0.104806720225112,0.104480902985103,0.102178601142431,0.0996280375773597,0.0970218310943093,0.0945192472623485,0.0917260526917011,0.0894259009958413,0.0855655616584757,0
370,0.276465,4.97503,3.39e-06,0.0018984,0.00189720471030098,0.00189720471030098,0.00189720471030098,0.00189720471030098,0.00189720471030098,0.00189325369389831,0.0018904960340415,0.00188714332360891,0.00188338898397997,0.00187850495462395,0.00186704422307712,0.0018612400609544,0.00182022647570043,0.00177479031512286,0.00172836292241489,0.00168378148072687,0.00163402305134508,0.00159304776916154,0.00152427904666488,0
344,0.368798,27.2828,1.35087e-05,0.007564872,0.00756010892921617,0.00756010892921617,0.00756010892921617,0.00756010892921617,0.00756010892921617,0.00754436465332275,0.00753337574485441,0.0075200156388306,0.00750505509377293,0.00748559288511168,0.00743992339123362,0.00741679457563854,0.00725336088268273,0.00707230381412983,0.00688729681711682,0.00670964568988054,0.00651136495389538,0.00634808389359069,0.00607404966303299,0
327,0.267923,24.8389,1.72864e-05,0.009680384,0.00967428893927635,0.00967428893927635,0.00967428893927635,0.00967428893927635,0.00967428893927635,0.00965414178590081,0.00964007983565045,0.00962298358384458,0.0096038393311715,0.00957893452731903,0.0095204935863718,0.00949089681111566,0.00928175898216755,0.00905006941101468,0.00881332531623385,0.0085859941558811,0.00833226432884119,0.00812332181617522,0.00777265407441526,0
331,0.148895,0.290183,0.000160206,0.08971536,0.0896588725128255,0.0896588725128255,0.0896588725128255,0.0896588725128255,0.0896588725128255,0.0894721537712899,0.0893418311591897,0.0891833874047462,0.0890059632942464,0.0887751518467508,0.0882335359298802,0.0879592404735281,0.0860210037658005,0.0838737631930892,0.0816796785688495,0.0795728306493594,0.0772213265379912,0.0752848999723578,0.0720349996902635,0
319,0.0643445,7.26325,3.81076e-05,0.021340256,0.0213268195334117,0.0213268195334117,0.0213268195334117,0.0213268195334117,0.0213268195334117,0.0212824054470794,0.021251406096413,0.0212137176751502,0.0211715144678216,0.0211166122149934,0.02098778006942,0.0209225344385917,0.0204614933467262,0.0199507372898454,0.0194288386142235,0.0189276906061791,0.0183683471479168,0.0179077366277582,0.0171346950438603,0
379,0.252895,16.8809,2.34e-07,0.00013104,0.000130957493277413,0.000130957493277413,0.000130957493277413,0.000130957493277413,0.000130957493277413,0.000130684768251388,0.000130494416509059,0.000130262990479199,0.000130003841372069,0.000129666713682007,0.000128875618938067,0.000128474977658799,0.00012564395142003,0.000122507650070427,0.00011930292738793,0.000116225624333359,0.000112790971685767,0.000109962589375752,0.000105215721805186,0
339,0.157216,6.60721,8.6771e-06,0.004859176,0.00485611651674118,0.00485611651674118,0.00485611651674118,0.00485611651674118,0.00485611651674118,0.00484600342988939,0.00483894487816564,0.00483036322515838,0.00482075355542555,0.00480825231320575,0.00477891723541667,0.00476406080616737,0.00465908175584078,0.00454278260865857,0.00442394628734107,0.00430983489274782,0.00418247239493405,0.00407759138577922,0.00390156982767428,0
377,0.178676,13.3366,2.8635e-05,0.0160356,0.016025503504268,0.016025503504268,0.016025503504268,0.016025503504268,0.016025503504268,0.0159921296533269,0.0159688359689612,0.0159405159503072,0.0159088034089282,0.0158675484883944,0.0157707408046647,0.015721713612221,0.0153752758500537,0.014991481024644,0.0145993133579205,0.0142227382597681,0.0138024336505211,0.0134563194306609,0.0128754367260321,0
377,0.178676,13.3366,2.8635e-05,0.0160356,0.016025503504268,0.016025503504268,0.016025503504268,0.016025503504268,0.016025503504268,0.0159921296533269,0.0159688359689612,0.0159405159503072,0.0159088034089282,0.0158675484883944,0.0157707408046647,0.015721713612221,0.0153752758500537,0.014991481024644,0.0145993133579205,0.0142227382597681,0.0138024336505211,0.0134563194306609,0.0128754367260321,0
372,0.310939,26.9911,6.2854e-06,0.003519824,0.00351760781301645,0.00351760781301645,0.00351760781301645,0.00351760781301645,0.00351760781301645,0.00351028223233877,0.0035051692543848,0.00349895299298273,0.00349199207076924,0.00348293659049953,0.0034616872447578,0.00345092574605391,0.00337488244553614,0.00329063924680626,0.00320455820429102,0.00312189974010639,0.00302964262151162,0.002953670338728,0.00282616623006118,0
349,0.438632,37.9534,2.3407e-06,0.001310792,0.00130996668595914,0.00130996668595914,0.00130996668595914,0.00130996668595914,0.00130996668595914,0.0013072386198548,0.00130533453300323,0.00130301958040454,0.00130042731410086,0.00129705502869861,0.00128914171473647,0.00128513410344424,0.00125681537217463,0.00122544297658055,0.00119338616297833,0.00116260392682519,0.00112824712574733,0.00109995484167446,0.0010524719659376,0
338,0.0955499,7.27293,1.88025e-05,0.0105294,0.0105227703732844,0.0105227703732844,0.0105227703732844,0.0105227703732844,0.0105227703732844,0.0105008562181484,0.0104855609675709,0.0104669652926716,0.0104461419974287,0.0104190529231023,0.0103554864319787,0.0103232938779041,0.0100958136605774,0.0098438038053385,0.00958629612056223,0.00933902692960677,0.00906304378257107,0.00883577601169906,0.00845435303094878,0
325,0.202489,10.3534,2.24843e-05,0.012591208,0.0125832801969971,0.0125832801969971,0.0125832801969971,0.0125832801969971,0.0125832801969971,0.01255707493502,0.0125387846543361,0.0125165476787669,0.0124916468827436,0.0124592533779503,0.0123832396533726,0.0123447433340758,0.0120727192175785,0.0117713622071731,0.011463430813113,0.0111677427572587,0.0108377181396337,0.0105659480696633,0.0101098369819844,0
360,0.21792,15.7172,2.55207e-05,0.014291592,0.0142825935841234,0.0142825935841234,0.0142825935841234,0.0142825935841234,0.0142825935841234,0.0142528494235607,0.0142320891256528,0.0142068491500962,0.0141785856175391,0.0141418175207881,0.0140555384967211,0.0140118434287902,0.0137030837222443,0.0133610298510784,0.0130115137563639,0.0126758944056596,0.0123013015004314,0.0119928301482126,0.0114751233823659,0
458,0.19789,12.9011,1.00002e-05,0.005600112,0.00559658600116573,0.00559658600116573,0.00559658600116573,0.00559658600116573,0.00559658600116573,0.00558493085242534,0.00557679599988845,0.00556690580081235,0.00555583083114941,0.00554142337676415,0.00550761523292503,0.00549049346830565,0.00536950702132728,0.00523547436852259,0.00509851766865291,0.00496700636093357,0.00482022339765814,0.00469934994134785,0.00449648829571035,0
292,0.610891,17.9491,1.6223e-06,0.000908488,0.000907915988649344,0.000907915988649344,0.000907915988649344,0.000907915988649344,0.000907915988649344,0.000906025211684728,0.000904705520951483,0.000903101066044466,0.000901304409649176,0.000898967135069746,0.000893482549586436,0.000890704941264401,0.000871077702515875,0.000849334020125018,0.000827115979065981,0.000805781326307728,0.000781969202418032,0.000762360293778986,0.000729450707198947,0
320,0.107344,9.58428,0.00010487,0.0587272,0.0586902235897533,0.0586902235897533,0.0586902235897533,0.0586902235897533,0.0586902235897533,0.0585679984894147,0.0584826899970302,0.058378973553648,0.0582628326696105,0.0581117447172313,0.0577572058035688,0.0575776534490524,0.0563088939547801,0.0549033216362637,0.0534670854494541,0.0520879539480314,0.050548671797805,0.0492810972129706,0.0471537296825208,0
331,0.0804379,4.83372,1.9816e-06,0.001109696,0.00110899730204496,0.00110899730204496,0.00110899730204496,0.00110899730204496,0.00110899730204496,0.00110668776396133,0.00110507579382202,0.00110311599116915,0.00110092141907219,0.00109806649500968,0.00109136720721228,0.00108797442619092,0.00106400023134159,0.0010374408520494,0.00101030205517916,0.000984242295636684,0.00095515636535263,0.000931204560286283,0.000891006300551952,0
365,0.778419,30.8983,1.15731e-05,0.006480936,0.00647685540790096,0.00647685540790096,0.00647685540790096,0.00647685540790096,0.00647685540790096,0.00646336705747921,0.0064539526995769,0.00644250690220009,0.00642968998539782,0.00641301642783436,0.00637389070740232,0.00635407591428653,0.00621405988965448,0.00605894566252163,0.00590044747415922,0.0057482511665487,0.00557838117272029,0.00543849591070306,0.00520372679497265,0
338,0.276387,15.8122,4.85644e-05,0.027196064,0.0271789405406905,0.0271789405406905,0.0271789405406905,0.0271789405406905,0.0271789405406905,0.0271223391421696,0.0270828335090281,0.0270348033112309,0.026981019461238,0.026911051922814,0.0267468679844268,0.0266637188248418,0.0260761671553116,0.0254252586370951,0.0247601499437539,0.0241214859417734,0.023408657544172,0.0228216545960674,0.0218364888890418,0
350,0.268614,18.3411,4.30808e-05,0.024125248,0.0241100580187417,0.0241100580187417,0.0241100580187417,0.0241100580187417,0.0241100580187417,0.0240598477097623,0.0240248028151431,0.0239821958984457,0.0239344849973582,0.0238724177726146,0.0237267724972097,0.0236530120406974,0.0231318031723762,0.0225543913297182,0.021964382710316,0.0213978328067546,0.020765492705129,0.0202447705999098,0.0193708438801063,0
510,0.286134,24.2507,1.02219e-05,0.005724264,0.00572065983133497,0.00572065983133497,0.00572065983133497,0.00572065983133497,0.00572065983133497,0.00570874629311479,0.00570043109450408,0.00569032163409969,0.00567900113726987,0.00566427427600902,0.00562971662061123,0.00561221527406187,0.00548854661119831,0.00535154251390983,0.00521154954472943,0.0050771226896289,0.00492708561313991,0.00480353244589744,0.00459617344752321,0
519,0.39669,51.2082,2.1906e-06,0.001226736,0.00122596361014316,0.00122596361014316,0.00122596361014316,0.00122596361014316,0.00122596361014316,0.00122341048432261,0.00122162849916558,0.00121946199548604,0.00121703596115237,0.00121387992731541,0.00120647406344329,0.00120272344469814,0.00117622068367828,0.001146860077967,0.00111685894331624,0.00108805065241306,0.0010558970195506,0.00102941900977146,0.000984981026437781,0
299,0.307072,8.50942,3.71754e-05,0.020818224,0.0208051162204493,0.0208051162204493,0.0208051162204493,0.0208051162204493,0.0208051162204493,0.0207617886053532,0.0207315475704739,0.02069478109513,0.0206536102758257,0.0206000510590346,0.0204743704455992,0.0204107208737475,0.0199609579129068,0.0194626961300349,0.0189535643026379,0.0184646755335143,0.0179190149094319,0.0174696719875185,0.0167155407880193,0
304,0.229773,24.7874,9.3525e-06,0.0052374,0.00523410237554274,0.00523410237554274,0.00523410237554274,0.00523410237554274,0.00523410237554274,0.00522320211568848,0.00521559414701273,0.00520634452331928,0.00519598686509519,0.00518251256286741,0.00515089412871056,0.00513488131860649,0.0050217310070762,0.00489637947557125,0.00476829328374196,0.00464529979306727,0.00450802377218433,0.00439497913306291,0.00420525657343164,0
314,0.13123,4.93293,3.45986e-05,0.019375216,0.0193630167816576,0.0193630167816576,0.0193630167816576,0.0193630167816576,0.0193630167816576,0.0193226924052242,0.0192945475172237,0.0192603294974087,0.0192220124192122,0.0191721656410184,0.0190551965358573,0.0189959588120758,0.0185773710153891,0.0181136460757551,0.0176398045449746,0.017184802931881,0.0166769645853298,0.0162587677127175,0.0155569088566193,0
317,0.258263,29.5503,9.6722e-06,0.005416432,0.00541302165161449,0.00541302165161449,0.00541302165161449,0.00541302165161449,0.00541302165161449,0.00540174878410715,0.00539388074939711,0.00538431494236287,0.00537360322443985,0.00535966832510732,0.00532696906620843,0.00531040888423691,0.00519339071335391,0.00506375424363755,0.0049312896336818,0.00480409181058596,0.00466212323221826,0.00454521434598354,0.00434900642924838,0
345,0.26045,20.4971,6.8211e-06,0.003819816,0.00381741092903658,0.00381741092903658,0.00381741092903658,0.00381741092903658,0.00381741092903658,0.00380946099452795,0.00380391224123908,0.00379716617246866,0.00378961197599581,0.00377978470383052,0.00375672429204465,0.00374504559875399,0.00366252118389387,0.00357109799955296,0.00347768033335817,0.00338797694931741,0.0032878568246401,0.00320540948030317,0.00306703829062118,0
362,0.986032,21.4304,2.13362e-05,0.011948272,0.0119407490088271,0.0119407490088271,0.0119407490088271,0.0119407490088271,0.0119407490088271,0.0119158818477148,0.0118985255107718,0.0118774240062491,0.011853794702063,0.0118230552840258,0.0117509229948136,0.0117143923859986,0.0114562584456754,0.0111702894163789,0.0108780817065571,0.0105974921619719,0.0102843193593242,0.0100264264933287,0.00959360548538382,0
338,0.322491,14.4994,8.8733e-06,0.004969048,0.00496591933802763,0.00496591933802763,0.00496591933802763,0.00496591933802763,0.00496591933802763,0.00495557758173094,0.00494835942739247,0.00493958373256017,0.00492975677626828,0.00491697286544682,0.00488697448514167,0.00487178213358898,0.0047644293766468,0.00464550056140993,0.00452397720338172,0.00440728560853502,0.00427704328657827,0.00416979078764043,0.00398978916364939,0
360,0.148894,0.112823,0.000170866,0.09568496,0.095624713873241,0.095624713873241,0.095624713873241,0.095624713873241,0.095624713873241,0.0954255709916309,0.0952865768001579,0.0951175903043542,0.0949283605123073,0.0946821910255978,0.0941045363481699,0.0938119894557622,0.0917447837749352,0.0894546672518531,0.0871145897054107,0.0848675535356569,0.0823595819147873,0.0802943068216977,0.0768281603502775,0
372,0.0316358,5.69736,2.66923e-05,0.014947688,0.0149382764863619,0.0149382764863619,0.0149382764863619,0.0149382764863619,0.0149382764863619,0.0149071668358826,0.0148854534777127,0.0148590547896066,0.0148294937395541,0.0147910376992062,0.0147007977922246,0.0146550967784699,0.0143321625832858,0.0139744057605764,0.0136088441398156,0.0132578172324501,0.0128660275791795,0.0125433949760444,0.0120019214151306,0
362,0.15895,1.07849,0.0001821,0.101976,0.101911792845371,0.101911792845371,0.101911792845371,0.101911792845371,0.101911792845371,0.101699556831529,0.101551424129486,0.101371327206249,0.10116965604211,0.100907301544844,0.100291667558214,0.0999798864601167,0.0977767673230234,0.0953360815291659,0.0928421499031715,0.0904473768850627,0.0877745125811031,0.085573450962925,0.0818794142766,0
377,0.178676,13.3366,2.8635e-05,0.0160356,0.016025503504268,0.016025503504268,0.016025503504268,0.016025503504268,0.016025503504268,0.0159921296533269,0.0159688359689612,0.0159405159503072,0.0159088034089282,0.0158675484883944,0.0157707408046647,0.015721713612221,0.0153752758500537,0.014991481024644,0.0145993133579205,0.0142227382597681,0.0138024336505211,0.0134563194306609,0.0128754367260321,0
424,0.86623,7.95844,5.5229e-05,0.03092824,0.0309087666505052,0.0309087666505052,0.0309087666505052,0.0309087666505052,0.0309087666505052,0.0308443977169055,0.0307994706383711,0.0307448491503235,0.0306836844236666,0.030604115085229,0.0304173998219252,0.0303228399193069,0.0296546572349438,0.0289144231014514,0.0281580400714018,0.0274317307961841,0.0266210793813385,0.0259535207206556,0.0248331585452078,0
412,0.3405,11.7484,7.72182e-05,0.043242192,0.0432149654162133,0.0432149654162133,0.0432149654162133,0.0432149654162133,0.0432149654162133,0.0431249682555099,0.0430621536447857,0.0429857848351321,0.0429002676232337,0.0427890180788034,0.0425279628986472,0.0423957543583448,0.0414615374766759,0.040426582156702,0.039369048323191,0.0383535619867444,0.0372201530334439,0.0362868086279261,0.0347203788440052,0
455,0.459109,4.32066,1.37629e-05,0.007707224,0.00770237130011839,0.00770237130011839,0.00770237130011839,0.00770237130011839,0.00770237130011839,0.00768633075626934,0.00767513506398519,0.00766152355412894,0.00764628148897284,0.00762645305014573,0.00757992417043899,0.00755636012829182,0.0073898510213621,0.00720538691091574,0.00701689854421943,0.00683590446639994,0.00663389258211128,0.00646753897999803,0.00618834810954101,0
455,0.210778,22.1939,6.1835e-06,0.00346276,0.00346057974222599,0.00346057974222599,0.00346057974222599,0.00346057974222599,0.00346057974222599,0.0034533729251387,0.00344834283967423,0.00344222735738517,0.0034353792868555,0.0034264706156098,0.00340556576796383,0.00339497873655207,0.00332016826327246,0.00323729082995935,0.00315260534830456,0.00307128695754412,0.00298052552743136,0.00290578492053403,0.00278034793069388,0
1394,0.35598,24.6389,9.6818e-06,0.005421808,0.0054183942667233,0.0054183942667233,0.0054183942667233,0.0054183942667233,0.0054183942667233,0.00540711021049695,0.00539923436648466,0.0053896590650492,0.00537893671536793,0.00536498798515581,0.00533225627108794,0.00531567965255111,0.00519854533700191,0.00506878019851223,0.00493618411275412,0.00480886004132784,0.00466675055413358,0.00454972563170152,0.00435332297168142,0
1429,0.340329,34.2725,2.21344e-05,0.012395264,0.0123874595692289,0.0123874595692289,0.0123874595692289,0.0123874595692289,0.0123874595692289,0.0123616621127501,0.0123436564648638,0.0123217655404393,0.0122972522498544,0.0122653628518078,0.0121905320505246,0.0121526348097903,0.0118848439244082,0.0115881766227302,0.0112850372477581,0.0109939506805312,0.0106690618960745,0.0104015211037549,0.00995250800309706,0
353,0.629548,40.737,1.74052e-05,0.009746912,0.00974077505124796,0.00974077505124796,0.00974077505124796,0.00974077505124796,0.00974077505124796,0.00972048943747459,0.00970633084710889,0.00968911710208786,0.00966984128140654,0.00964476532041912,0.00958592274675574,0.00955612256900397,0.00934554744981156,0.00911226560258889,0.00887389449475387,0.00864500101131188,0.0083895274375432,0.00817914897693521,0.00782607128702404,0
338,0.322491,14.4994,8.8733e-06,0.004969048,0.00496591933802763,0.00496591933802763,0.00496591933802763,0.00496591933802763,0.00496591933802763,0.00495557758173094,0.00494835942739247,0.00493958373256017,0.00492975677626828,0.00491697286544682,0.00488697448514167,0.00487178213358898,0.0047644293766468,0.00464550056140993,0.00452397720338172,0.00440728560853502,0.00427704328657827,0.00416979078764043,0.00398978916364939,0
355,0.195694,7.98686,9.46943e-05,0.053028808,0.0529954194686295,0.0529954194686295,0.0529954194686295,0.0529954194686295,0.0529954194686295,0.0528850540608008,0.05280802318476,0.0527143705099763,0.052609498957432,0.0524730713052056,0.0521529338564402,0.0519908037475027,0.0508451539698878,0.0495759665301883,0.0482790905852603,0.0470337783688479,0.0456438551713825,0.044499275329591,0.0425783295954566,0
369,0.590719,25.3775,1.39189e-05,0.007794584,0.00778967629563666,0.00778967629563666,0.00778967629563666,0.00778967629563666,0.00778967629563666,0.0077734539351036,0.0077621313416579,0.00774836554778174,0.00773295071655422,0.00771289752593373,0.00766584124973103,0.00764201011339769,0.00747361365564212,0.00728705867762936,0.00709643382914472,0.00691338821595551,0.00670908656323512,0.0065408473729152,0.0062584919240778,0
478,0.115231,11.8275,9.6882e-06,0.005425392,0.00542197601012918,0.00542197601012918,0.00542197601012918,0.00542197601012918,0.00542197601012918,0.00541068449475682,0.00540280344454303,0.00539322181350675,0.00538249237598665,0.00536853442518814,0.00533578107434095,0.00531919349809392,0.00520198175276724,0.00507213083509536,0.00493944709880234,0.00481203886182243,0.00466983543541045,0.00455273315551351,0.00435620066663677,0
441,0.192713,9.39166,0.0001152,0.064512,0.0644713813058031,0.0644713813058031,0.0644713813058031,0.0644713813058031,0.0644713813058031,0.0643371166776063,0.0642434050506139,0.0641294722359135,0.0640018911370185,0.0638359205819114,0.0634464585541253,0.0632492197704857,0.0618554837760148,0.0603114584962104,0.0587337488679042,0.0572187689025767,0.0555278629837621,0.0541354286157549,0.0517985091963993,0
6467,0.0498495,2.67715,1.43974e-05,0.008062544,0.00805746757996675,0.00805746757996675,0.00805746757996675,0.00805746757996675,0.00805746757996675,0.00804068753172022,0.00802897569336552,0.00801473666292831,0.00799879190500095,0.00797804933147578,0.00792937536794413,0.00790472497155895,0.00773053942809718,0.0075375711159144,0.00734039302040594,0.00715105471699616,0.00693972963995153,0.00676570677042074,0.0064736445859743,0
6004,0.124175,9.20432,1.95797e-05,0.010964632,0.0109577283381357,0.0109577283381357,0.0109577283381357,0.0109577283381357,0.0109577283381357,0.010934908362956,0.0109189808842839,0.0108996165584854,0.0108779325338149,0.0108497237345282,0.0107835297270157,0.0107500064960085,0.0105131234000802,0.0102506967354015,0.00998254498879257,0.00972505494341824,0.00943766405263166,0.00920100218461715,0.00880381311208976,0
349,0.728651,7.60184,3.352e-06,0.00187712,0.00187593810882858,0.00187593810882858,0.00187593810882858,0.00187593810882858,0.00187593810882858,0.00187203138110535,0.00186930463306995,0.00186598950464221,0.0018622772490563,0.001857447966932,0.0018461157037624,0.00184037660304399,0.00179982275709376,0.00175489591041057,0.0017089889427536,0.00166490723404025,0.00161570656876363,0.00157519059652787,0.00150719273286745,0
347,0.471079,19.855,3.12379e-05,0.017493224,0.0174822097403867,0.0174822097403867,0.0174822097403867,0.0174822097403867,0.0174822097403867,0.0174458022314531,0.0174203911686682,0.017389496881582,0.0173549016940023,0.0173098967321674,0.0172042893026728,0.017150805575247,0.0167728768806143,0.0163541953937393,0.0159263799805617,0.0155155744887309,0.0150570645060804,0.0146794887635077,0.0140458042571719,0
468,0.784155,3.2827,0.000113763,0.06370728,0.0636671679817021,0.0636671679817021,0.0636671679817021,0.0636671679817021,0.0636671679817021,0.063534578164883,0.0634420354928211,0.0633295238713041,0.0632035342137208,0.0630396339684026,0.0626550300737236,0.0624602516384528,0.0610839010487046,0.0595591358759061,0.0580011065317655,0.0565050243634014,0.0548352107345636,0.0534601455348448,0.0511523767509547,0
464,0.972892,56.3049,1.7034e-06,0.000953904,0.000953303393370704,0.000953303393370704,0.000953303393370704,0.000953303393370704,0.000953303393370704,0.000951318095040231,0.000949932431972358,0.000948247769154992,0.00094636129655206,0.000943907179854408,0.000938148415808134,0.00093523195275213,0.000914623533542218,0.000891792868076777,0.000868464130395729,0.00084606294226258,0.000821060432348441,0.000800471259584,0.000765916497961342,0
355,0.211231,19.3056,3.4377e-06,0.001925112,0.00192389989162291,0.00192389989162291,0.00192389989162291,0.00192389989162291,0.00192389989162291,0.00191989328127263,0.00191709681894527,0.0019136969332066,0.00190988976702889,0.0019049370154899,0.00189331502232219,0.00188742919101561,0.00184583851195144,0.00179976302840644,0.00175268236530551,0.00170747362722559,0.0016570150571118,0.00161546322007275,0.00154572686687901,0
346,0.219917,21.9912,5.9999e-06,0.003359944,0.00335782847826986,0.00335782847826986,0.00335782847826986,0.00335782847826986,0.00335782847826986,0.00335083564543377,0.00334595491287481,0.00334002101100918,0.00333337627285588,0.00332473211718238,0.0033044479746432,0.00329417529254286,0.00322158608600444,0.00314116944298101,0.00305899843604634,0.00298009454460564,0.00289202799580099,0.00281950658117767,0.00269779405666212,0
346,0.331568,18.4049,1.50503e-05,0.008428168,0.00842286137210702,0.00842286137210702,0.00842286137210702,0.00842286137210702,0.00842286137210702,0.00840532037441821,0.00839307742216366,0.00837819267354314,0.00836152484530789,0.00833984162789879,0.00828896037480167,0.00826319212076164,0.0080811075301576,0.00787938840108954,0.00767326858148107,0.00747534407651433,0.0072544357314628,0.00707252119180291,0.00676721443540425,0
366,0.777733,60.2791,4.4871e-06,0.002512776,0.00251119388070546,0.00251119388070546,0.00251119388070546,0.00251119388070546,0.00251119388070546,0.0025059642035077,0.00250231408682821,0.00249787634435562,0.00249290699410517,0.00248644235454075,0.00247127260571368,0.00246359005236238,0.00240930330947357,0.00234916272064536,0.00228771010889907,0.0022287008501975,0.0021628391839795,0.00210860314011939,0.00201757891158996,0
357,0.772837,16.6821,2.65854e-05,0.014887824,0.0148784501785356,0.0148784501785356,0.0148784501785356,0.0148784501785356,0.0148784501785356,0.0148474651191045,0.014825838720769,0.0147995457567765,0.014770103095782,0.0147318010680412,0.0146419225628893,0.0145964045771378,0.0142747637012054,0.0139184396588989,0.013554342075979,0.0132047209963764,0.0128145004216016,0.0124931599298723,0.0119538549165795,0
383,0.903602,12.5835,9.1905e-06,0.00514668,0.00514343949558146,0.00514343949558146,0.00514343949558146,0.00514343949558146,0.00514343949558146,0.0051327280453606,0.0051252518586603,0.00511616245298753,0.00510598420568375,0.0050927432995491,0.00506167254636882,0.00504593710330424,0.00493474673301618,0.00481156648706095,0.00468569894939647,0.00456483589929801,0.00442993771486342,0.00431885118657201,0.0041324149198742,0
368,0.190986,15.7626,9.5413e-06,0.005343128,0.00533976380601614,0.00533976380601614,0.00533976380601614,0.00533976380601614,0.00533976380601614,0.00532864350135456,0.00532088194973457,0.00531144560281703,0.00530087885334752,0.0052871325438211,0.00525487582467427,0.00523853976211923,0.00512310527215356,0.00499522325477337,0.00486455137216436,0.0047390749976576,0.00459902776985216,0.00448370108551651,0.00429014857461463,0
385,0.201439,4.94968,4.0332e-06,0.002258592,0.00225716992259171,0.00225716992259171,0.00225716992259171,0.00225716992259171,0.00225716992259171,0.00225246926201495,0.00224918837890743,0.00224519954359276,0.00224073287616166,0.00223492217787296,0.00222128695000432,0.00221438153800628,0.00216558626011652,0.0021115292917267,0.00205629302026069,0.00200325294043292,0.00194405361967109,0.00189530391226617,0.00181348738967811,0
380,0.620564,13.0858,3.96052e-05,0.022178912,0.0221649474903871,0.0221649474903871,0.0221649474903871,0.0221649474903871,0.0221649474903871,0.0221187879638883,0.0220865703620709,0.022047400814217,0.0220035390526028,0.0219464791825583,0.0218125840306236,0.021744774295608,0.0212656146358144,0.0207347862502961,0.0201923773495062,0.0196715346019126,0.0190902093667057,0.018611497199763,0.0178080756634135,0
902,0.140434,0.268722,1.23493e-05,0.006915608,0.00691125372534509,0.00691125372534509,0.00691125372534509,0.00691125372534509,0.00691125372534509,0.00689686072037121,0.00688681494784328,0.00687460148856742,0.00686092494981235,0.00684313310800519,0.00680138325193107,0.00678023949402482,0.00663083268919392,0.0064653150556185,0.00629618650081953,0.00613378248965791,0.00595251943008137,0.00580325215802553,0.00555273723627686,0
950,0.177237,15.7127,1.77855e-05,0.00995988,0.00995360896019411,0.00995360896019411,0.00995360896019411,0.00995360896019411,0.00995360896019411,0.00993288010997888,0.00991841215735845,0.00990082229558889,0.00988112530223474,0.00985550143671514,0.00979537316505552,0.00976492185961783,0.00954974571786728,0.00931136671080164,0.00906778724383776,0.0088338924853887,0.00857283686716754,0.00835786168095059,0.00799706931694931,0
513,0.607862,29.5409,1.2674e-05,0.00709744,0.00709297123845268,0.00709297123845268,0.00709297123845268,0.00709297123845268,0.00709297123845268,0.0070781997983679,0.00706788989246077,0.00705535530484347,0.00704131916901538,0.00702305952652035,0.00698021194197035,0.00695851225148555,0.00680517709528829,0.00663530750851537,0.00646173205860953,0.006295057960688,0.00610902895361285,0.00595583699892428,0.00569873529127748,0
482,0.745288,36.2343,2.2388e-06,0.001253728,0.00125293861516868,0.00125293861516868,0.00125293861516868,0.00125293861516868,0.00125293861516868,0.00125032931265473,0.00124850811829266,0.00124629394480697,0.00124381453018713,0.00124058905380888,0.0012330202379425,0.00122918709394239,0.00120210118991095,0.00117209455973364,0.00114143330699187,0.00111199114426292,0.00107913003166707,0.00105206942348049,0.0010066536665703,0
352,0.357054,26.9611,8.2576e-06,0.004624256,0.00462134442943403,0.00462134442943403,0.00462134442943403,0.00462134442943403,0.00462134442943403,0.00461172026629342,0.00460500296480859,0.00459683619735486,0.00458769111330767,0.00457579425171173,0.00454787739719223,0.00453373921160384,0.00443383544122239,0.00432315885137419,0.00421006774871186,0.00410147314314164,0.00398026806748884,0.00388045759841543,0.00371294591614746,0
350,0.154307,9.75086,4.4241e-05,0.02477496,0.0247593609405385,0.0247593609405385,0.0247593609405385,0.0247593609405385,0.0247593609405385,0.0247077984282464,0.0246718097469115,0.0246280553922661,0.0245790595988961,0.0245153208547252,0.0243657532369189,0.024290006353004,0.0237547609178357,0.0231617989178025,0.0225559008998694,0.021974093359539,0.0213247238391026,0.0207899782759515,0.0198925160187318,0
385,0.0317814,1.16703,6.27443e-05,0.035136808,0.0351146848095981,0.0351146848095981,0.0351146848095981,0.0351146848095981,0.0351146848095981,0.0350415568572459,0.0349905163152538,0.0349284621945471,0.0348589744623996,0.0347685777063161,0.0345564551168195,0.034449027951782,0.0336899221413837,0.03284896046288,0.0319896524226774,0.0311645104310238,0.0302435494219797,0.0294851525494402,0.0282123368105177,0
349,0.438632,37.9534,2.3407e-06,0.001310792,0.00130996668595914,0.00130996668595914,0.00130996668595914,0.00130996668595914,0.00130996668595914,0.0013072386198548,0.00130533453300323,0.00130301958040454,0.00130042731410086,0.00129705502869861,0.00128914171473647,0.00128513410344424,0.00125681537217463,0.00122544297658055,0.00119338616297833,0.00116260392682519,0.00112824712574733,0.00109995484167446,0.0010524719659376,0
542,0.752138,23.5215,1.13727e-05,0.006368712,0.0063647020675044,0.0063647020675044,0.0063647020675044,0.0063647020675044,0.0063647020675044,0.00635144728159213,0.00634219594287428,0.00633094834112304,0.00631835336227405,0.00630196852432208,0.00626352030554254,0.00624404862572746,0.00610645712100246,0.0059540288545126,0.00579827522352443,0.00564871434981193,0.00548178582773812,0.00534432282134024,0.00511361897168308,0
2692,0.187157,14.7264,2.74303e-05,0.015360968,0.0153512962728522,0.0153512962728522,0.0153512962728522,0.0153512962728522,0.0153512962728522,0.0153193264895985,0.0152970127913182,0.0152698842211179,0.0152395058546507,0.0151999865654341,0.015107251667337,0.0150602870926246,0.0147284242762259,0.0143607760415677,0.0139851072185006,0.0136243749707322,0.0132217529514192,0.0128902000656141,0.0123337556146701,0
2873,0.0212435,0.398508,3.96297e-05,0.022192632,0.0221786588518627,0.0221786588518627,0.0221786588518627,0.0221786588518627,0.0221786588518627,0.0221324707708206,0.0221002332390131,0.0220610394606561,0.0220171505659089,0.021960055398307,0.0218260774180766,0.0217582257355765,0.0212787696649161,0.0207476129059659,0.0202048684679721,0.0196837035241185,0.0191020186778437,0.0186230103768557,0.0178190918394145,0
1764,0.14429,2.50347,2.48318e-05,0.013905808,0.013897052485325,0.013897052485325,0.013897052485325,0.013897052485325,0.013897052485325,0.0138681112319009,0.0138479113327763,0.0138233526794076,0.0137958520862519,0.0137600764991832,0.0136761264715654,0.0136336108984093,0.0133331857815039,0.0130003652351232,0.0126602838987676,0.0123337241808594,0.0119692429517377,0.011669098405388,0.0111653664988121,0
1785,0.918743,0.357218,7.4832e-06,0.004190592,0.0041879534773228,0.0041879534773228,0.0041879534773228,0.0041879534773228,0.0041879534773228,0.00417923187084951,0.00417314451974613,0.00416574363399122,0.00415745617844216,0.00414667500779999,0.00412137620357839,0.00410856390092447,0.00401802913361696,0.00391773182481633,0.00381524643687761,0.00371683586329655,0.00360699743298688,0.00351654721716508,0.00336474482654944,0
322,0.729152,42.6001,1.34359e-05,0.007524104,0.00751936659797431,0.00751936659797431,0.00751936659797431,0.00751936659797431,0.00751936659797431,0.00750370716986676,0.00749277748194048,0.00747948937512596,0.00746460945423495,0.00744525212974395,0.00739982875423066,0.00737682458258914,0.00721427165335206,0.00703419032299681,0.00685018035081835,0.00667348660675461,0.00647627442937092,0.00631387331022935,0.00604131588291582,0
323,0.506674,33.6705,1.3167e-05,0.00737352,0.00736887741018672,0.00736887741018672,0.00736887741018672,0.00736887741018672,0.00736887741018672,0.00735353138276078,0.00734282043664438,0.00732979827196418,0.00731521615105141,0.00729624623526065,0.00725173194255354,0.00722918816595473,0.00706988849721169,0.00689341123280904,0.00671308395263624,0.0065399264769117,0.00634666121447218,0.00618751031756636,0.0059204077308072,0
358,0.665018,32.2957,2.79851e-05,0.015671656,0.0156617886543492,0.0156617886543492,0.0156617886543492,0.0156617886543492,0.0156617886543492,0.0156291722563757,0.0156064072455029,0.0155787299780318,0.0155477371845362,0.0155074185857365,0.015412808049332,0.0153648935781165,0.0150263185678833,0.0146512343503672,0.0142679673215554,0.0138999389723568,0.0134891735971083,0.0131509147860656,0.0125832157961125,0
383,0.109218,4.51899,7.5455e-06,0.00422548,0.00422281951078939,0.00422281951078939,0.00422281951078939,0.00422281951078939,0.00422281951078939,0.00421402529419165,0.00420788726397055,0.00420042476350769,0.00419206831227754,0.00418119738498969,0.00415568796024438,0.00414276899113021,0.00405148049333263,0.00395034817780517,0.00384700956669072,0.00374777969404855,0.00363702682416647,0.00354582358177238,0.00339275738838048,0
432,0.106551,4.06746,6.9336e-06,0.003882816,0.00388037126234303,0.00388037126234303,0.00388037126234303,0.00388037126234303,0.00388037126234303,0.00387229021003343,0.00386664994148382,0.00385979261019905,0.0038521138228093,0.00384212447002379,0.00381868372422642,0.00380681241493611,0.00372292692976889,0.00362999590824066,0.00353503750998698,0.00344385465332384,0.00334208325333518,0.00325827610981075,0.00311762277225829,0
359,0.999645,75.1474,2.4355e-06,0.00136388,0.00136302126015871,0.00136302126015871,0.00136302126015871,0.00136302126015871,0.00136302126015871,0.00136018270545408,0.0013582015017428,0.00135579279193201,0.0013530955370157,0.00134958667167747,0.00134135286292163,0.00133718294054703,0.00130771728069865,0.00127507428096806,0.00124171914381754,0.00120969020540126,0.00117394192966105,0.0011445037881395,0.00109509782246381,0
361,0.99948,54.202,1.83333e-05,0.010266648,0.010260183809841,0.010260183809841,0.010260183809841,0.010260183809841,0.010260183809841,0.0102388165033469,0.0102239029324168,0.0102057712963774,0.0101854676283186,0.0101590545382322,0.0100970742934926,0.0100656850765473,0.00984388142978135,0.00959816026083831,0.00934707845590233,0.00910597965209731,0.00883688342396012,0.0086152869222328,0.00824338201953427,0
415,0.200483,0.491833,0.000227376,0.12733056,0.127250388852329,0.127250388852329,0.127250388852329,0.127250388852329,0.127250388852329,0.126985384042425,0.126800420718649,0.126575545825634,0.12632373263169,0.125996148248548,0.125227447571205,0.124838147521996,0.122087261102909,0.119039741206895,0.115925736828026,0.112935545121461,0.1095981195642,0.106849802230346,0.102237307526393,0
386,0.891274,0.566708,0.000136851,0.07663656,0.0765883073184068,0.0765883073184068,0.0765883073184068,0.0765883073184068,0.0765883073184068,0.0764288086323533,0.0763174845883816,0.0761821389319184,0.0760305798957649,0.0758334163850273,0.0753707578089462,0.075136449434121,0.0734807709221476,0.0716465573495216,0.069772328700708,0.0679726192976261,0.0659639199408926,0.0643097876865857,0.0615336613023997,0
712,0.243231,1.8153,1.96231e-05,0.010988936,0.0109820170356068,0.0109820170356068,0.0109820170356068,0.0109820170356068,0.0109820170356068,0.0109591464780932,0.0109431836948672,0.0109237764464631,0.0109020443573857,0.0108737730309974,0.0108074322990751,0.0107738347610956,0.0105364265944888,0.0102734182397308,0.010004672112932,0.00974661131989716,0.00945858340379047,0.00922139695546718,0.00882332748100576,0
685,0.221042,10.9836,1.62047e-05,0.009074632,0.00906891833894226,0.00906891833894226,0.00906891833894226,0.00906891833894226,0.00906891833894226,0.00905003189779173,0.00903684987694169,0.00902082342657386,0.0090028771294101,0.00897953074873003,0.0089247467615628,0.00889700201054505,0.00870095102382975,0.00848375947477032,0.00826182968992819,0.00804872382322557,0.00781087119177925,0.00761500329938996,0.0072862786629765,0
1609,0.158733,5.88135,1.20581e-05,0.006752536,0.00674828440037765,0.00674828440037765,0.00674828440037765,0.00674828440037765,0.00674828440037765,0.00673423078654726,0.00672442189618756,0.00671249643374886,0.00669914239166044,0.00668177008653425,0.00664100470391926,0.0066203595218272,0.00647447577187121,0.00631286109108641,0.00614772063562566,0.00598914615715417,0.00581215733198352,0.00566640982458016,0.00542180211580819,0
1704,0.236109,17.7759,9.0752e-06,0.005082112,0.00507891214953494,0.00507891214953494,0.00507891214953494,0.00507891214953494,0.00507891214953494,0.00506833508049143,0.00506095268676503,0.00505197731280697,0.00504192675734957,0.00502885196584168,0.00499817101276387,0.00498263297969715,0.00487283755524383,0.00475120267486813,0.00462691421637156,0.00450756746132521,0.0043743616506097,0.00426466876539669,0.00408057144669413,0
381,0.941488,10.1698,5.6581e-06,0.003168536,0.00316654099449969,0.00316654099449969,0.00316654099449969,0.00316654099449969,0.00316654099449969,0.00315994652668025,0.00315534383782013,0.00314974797619811,0.00314348177293719,0.00313533005420584,0.00311620145091229,0.00310651397902244,0.00303806000653706,0.00296222450796361,0.00288473458740876,0.00281032566256657,0.00272727605510785,0.00265888601259377,0.00254410716045267,0
372,0.411254,16.1644,7.0533e-06,0.003949848,0.00394736105698109,0.00394736105698109,0.00394736105698109,0.00394736105698109,0.00394736105698109,0.00393914049533126,0.00393340285454423,0.00392642713994417,0.00391861578781886,0.00390845398125343,0.00388460856006781,0.00387253230735388,0.0037871986433799,0.00369266328308438,0.00359606554592004,0.00350330853038667,0.00339978017346675,0.0033145262036068,0.00317144466072017,0
398,0.192987,0.675842,0.000125131,0.07007336,0.0700292397063928,0.0700292397063928,0.0700292397063928,0.0700292397063928,0.0700292397063928,0.0698834005814718,0.0697816103939962,0.0696578558190286,0.0695192763877279,0.0693389980758259,0.0689159618518772,0.0687017197838598,0.0671878345518794,0.0655107041066779,0.0637969854999108,0.0621514042669126,0.060314731102614,0.0588022597058856,0.0562638824154049,0
1260,0.593955,35.7083,1.6782e-06,0.000939792,0.000939200278710059,0.000939200278710059,0.000939200278710059,0.000939200278710059,0.000939200278710059,0.000937244350767004,0.000935879187117537,0.000934219447103386,0.000932360882865837,0.000929943072227115,0.000924269502999419,0.000921396185927336,0.000901092646466215,0.000878599736530731,0.000855616122830875,0.000833546336565141,0.000808913712320743,0.000788629134574304,0.00075458557407463,0
1308,0.309953,7.21317,3.32705e-05,0.01863148,0.0186197490601973,0.0186197490601973,0.0186197490601973,0.0186197490601973,0.0186197490601973,0.0185809725731103,0.0185539080532678,0.0185210035245222,0.01848415728363,0.0184362239211847,0.0183237447858075,0.0182667809581072,0.0178642610500859,0.0174183366310605,0.0169626839558126,0.0165251480101838,0.0160368035191081,0.0156346595291708,0.0149597421893993,0
1417,0.470635,19.6937,1.84894e-05,0.010354064,0.0103475447701,0.0103475447701,0.0103475447701,0.0103475447701,0.0103475447701,0.0103259955303727,0.0103109549769342,0.0102926689579748,0.0102721924130971,0.0102455544271458,0.0101830464478355,0.0101513899654897,0.0099276977580577,0.00967988438124854,0.00942666472498462,0.00918351307072311,0.00891212560635391,0.00868864230770953,0.00831357079805474,0
4036,0.790951,41.8438,7.0809e-06,0.003965304,0.00396280732541894,0.00396280732541894,0.00396280732541894,0.00396280732541894,0.00396280732541894,0.00395455459620193,0.00394879450367094,0.00394179149266736,0.0039339495742371,0.00392374800389285,0.0038998092740964,0.00388768576625722,0.00380201818636791,0.0037071129033491,0.00361013717325298,0.00351701719376958,0.00341308372397327,0.003327496150046,0.00318385472021514,0
4520,0.96252,0.679708,7.28716e-05,0.040808096,0.040782401996215,0.040782401996215,0.040782401996215,0.040782401996215,0.040782401996215,0.0406974707611446,0.0406381919747076,0.0405661219530086,0.0404854184911489,0.0403804311655973,0.0401340707393472,0.0400093041964143,0.0391276742320507,0.0381509763797955,0.0371529709548817,0.0361946461802171,0.0351250366337458,0.0342442300339917,0.0327659743294821,0
3822,0.164247,19.6149,1.9311e-06,0.001081416,0.00108073510798296,0.00108073510798296,0.00108073510798296,0.00108073510798296,0.00108073510798296,0.00107848442722331,0.00107691353726771,0.00107500367912129,0.00107286503450257,0.00107008286662959,0.00106355430654402,0.00106024798870473,0.00103688476319325,0.00101100223526069,0.000984555055892447,0.000959159415171579,0.000930814724027283,0.000907473317707329,0.000868299488794851,0
3838,0.124252,9.05645,1.93435e-05,0.01083236,0.0108255396205625,0.0108255396205625,0.0108255396205625,0.0108255396205625,0.0108255396205625,0.0108029949344903,0.0107872595971923,0.0107681288732239,0.0107467064341052,0.0107188379320851,0.0106534424569594,0.0106203236339444,0.0103862981807408,0.0101270373040056,0.00986212040995057,0.00960773659953987,0.00932381265300697,0.00909000575893103,0.00869760818264367,0
914,0.0573495,0.39597,0.000178478,0.09994768,0.0998847499366071,0.0998847499366071,0.0998847499366071,0.0998847499366071,0.0998847499366071,0.0996767353332102,0.0995315490158287,0.0993550342510536,0.0991573743607012,0.0989002381390484,0.0982968492172151,0.0979912694982357,0.0958319707758295,0.0934398306379048,0.0909955037365087,0.088648363161407,0.0860286625834713,0.083871380455579,0.0802508187878035,0
965,0.172811,3.37824,2.2564e-06,0.001263584,0.00126278840953485,0.00126278840953485,0.00126278840953485,0.00126278840953485,0.00126278840953485,0.00126015859436937,0.00125832308295317,0.00125609150306524,0.00125359259688862,0.00125034176389778,0.00124271344688827,0.0012388501691851,0.00121155133326562,0.00118130881033723,0.00115040651862447,0.00112073290062304,0.00108761345517848,0.00106034011396345,0.00101456732769753,0
351,0.91251,4.77715,2.36244e-05,0.013229664,0.0132213342059099,0.0132213342059099,0.0132213342059099,0.0132213342059099,0.0132213342059099,0.0131938001670004,0.0131745824503275,0.0131512179157128,0.0131250544876509,0.0130910184218343,0.0130111503078653,0.0129707019752245,0.012684884469775,0.0123682467022385,0.0120447011871086,0.0117340198269274,0.0113872608183471,0.011101710241233,0.0106224713598908,0
311,0.249534,7.53697,5.3725e-05,0.030086,0.0300670569501239,0.0300670569501239,0.0300670569501239,0.0300670569501239,0.0300670569501239,0.0300044409158368,0.0299607372946548,0.0299076032627991,0.0298481041782666,0.0297707016776318,0.0295890710574686,0.0294970862167478,0.0288470995300902,0.0281270235044175,0.0273912383500708,0.026684707979956,0.0258961322812727,0.0252467526248388,0.0241569002306993,0
534,0.388592,27.313,4.0997e-06,0.002295832,0.00229438647516841,0.00229438647516841,0.00229438647516841,0.00229438647516841,0.00229438647516841,0.00228960830940263,0.00228627333060765,0.0022822187267845,0.00227767841227808,0.00227177190633387,0.0022579118588051,0.00225089258934948,0.00220129276767819,0.00214634449997321,0.00209019748466794,0.00203628287213449,0.00197610746418862,0.00192655396437509,0.0018433884388236,0
528,0.242898,16.4494,1.11336e-05,0.006234816,0.00623089037245043,0.00623089037245043,0.00623089037245043,0.00623089037245043,0.00623089037245043,0.00621791425557116,0.00620885741728745,0.00619784628546673,0.00618551610384643,0.00616947574123931,0.00613183585901223,0.00611277355240173,0.00597807477576943,0.005828851165915,0.00567637210412933,0.00552995560289695,0.00536653659128484,0.00523196361142681,0.00500611008671034,0
308,0.688465,42.653,8.7057e-06,0.004875192,0.0048721224325862,0.0048721224325862,0.0048721224325862,0.0048721224325862,0.0048721224325862,0.00486197601267567,0.00485489419573897,0.00484628425732806,0.00483664291381547,0.00482410046710022,0.00479466869995355,0.00477976330343678,0.00467443823879212,0.0045577557658894,0.00443852775624404,0.00432404024683301,0.00419625795814009,0.00409103125781404,0.00391442952700602,0
301,0.111718,0.336658,0.000106566,0.05967696,0.0596393855923109,0.0596393855923109,0.0596393855923109,0.0596393855923109,0.0596393855923109,0.0595151838182795,0.0594284956824976,0.059323101894899,0.0592050827335722,0.0590515513257983,0.0586912786656156,0.0585088225178957,0.0572195441325937,0.0557912403307913,0.0543317767522316,0.0529303413790972,0.051366165336177,0.050078091023147,0.0479163188456901,0
2261,0.772203,48.8952,1.7245e-06,0.00096572,0.000965111953661958,0.000965111953661958,0.000965111953661958,0.000965111953661958,0.000965111953661958,0.00096310206345948,0.000961699236196039,0.00095999370547598,0.000958083865154413,0.000955599349335991,0.000949769251532891,0.000946816662276064,0.000925952966768554,0.00090283949806176,0.000879221787523445,0.000856543116080673,0.00083123090030814,0.000810386689651643,0.00077540389851728,0
2174,0.509998,2.28038,2.29508e-05,0.012852448,0.0128443557124412,0.0128443557124412,0.0128443557124412,0.0128443557124412,0.0128443557124412,0.0128176067486494,0.0127989369846843,0.0127762386405556,0.0127508212075302,0.0127177556084317,0.0126401647654863,0.0126008697318443,0.0123232017104736,0.0120155922018648,0.0117012719055338,0.011399448969872,0.011062577063956,0.0107851683600214,0.0103195939658396,0
453,0.959616,33.5703,4.81319e-05,0.026953864,0.0269368930370902,0.0269368930370902,0.0269368930370902,0.0269368930370902,0.0269368930370902,0.0268807957136708,0.026841641905865,0.026794039450623,0.0267407345834884,0.0266713901550043,0.0265086683895947,0.0264262597315195,0.0258439406211698,0.0251988288992513,0.0245396434647142,0.0239066672130376,0.0232001870516332,0.0226184117759605,0.0216420196596369,0
455,0.397182,32.3074,2.52011e-05,0.014112616,0.0141037302727923,0.0141037302727923,0.0141037302727923,0.0141037302727923,0.0141037302727923,0.0140743586033335,0.0140538582901131,0.0140289343989972,0.0140010248153916,0.0139647171716737,0.013879518634274,0.0138363707669964,0.0135314777099629,0.0131937074367087,0.0128485683905811,0.0125171520572112,0.0121472502416674,0.0118426419278516,0.0113314184905328,0
1144,0.317445,15.8757,6.72e-06,0.0037632,0.00376083057617185,0.00376083057617185,0.00376083057617185,0.00376083057617185,0.00376083057617185,0.00375299847286037,0.00374753196128581,0.00374088588042829,0.00373344364965941,0.00372376203394483,0.00370104341565731,0.003689537819945,0.00360823655360086,0.00351816841227894,0.00342613535062775,0.00333776151931698,0.00323912534071946,0.0031579000025857,0.00302157970312329,0
6128,0.203628,16.379,2.4451e-06,0.001369256,0.00136839387526753,0.00136839387526753,0.00136839387526753,0.00136839387526753,0.00136839387526753,0.00136554413184388,0.00136355511883035,0.00136113691461834,0.00135842902794378,0.00135490633172597,0.00134664006780114,0.00134245370886124,0.00131287190434665,0.00128010023584274,0.00124661362288987,0.00121445843614315,0.00117856925157636,0.00114901507385748,0.00109941436489684,0
6405,0.364106,25.2081,2.793e-07,0.000156408,0.000156309520822143,0.000156309520822143,0.000156309520822143,0.000156309520822143,0.000156309520822143,0.000155983999028259,0.000155756797140942,0.000155480569405301,0.000155171251688969,0.000154768859535832,0.000153824616963257,0.000153346415641464,0.000149967331759036,0.000146223874635343,0.000142398750510466,0.000138725713146612,0.000134626146973652,0.000131250218857468,0.000125584406411062,0
4595,0.21861,2.85247,4.45493e-05,0.024947608,0.0249319002361685,0.0249319002361685,0.0249319002361685,0.0249319002361685,0.0249319002361685,0.0248799784028271,0.0248437389290045,0.0247996796656196,0.0247503424377637,0.0246861595206575,0.0245355496186223,0.0244592748812613,0.0239202995085314,0.0233232053644551,0.0227130850559108,0.0221272231030517,0.0214733283543621,0.020934856337082,0.0200311399804093,0
4521,0.159964,0.336256,4.01994e-05,0.022511664,0.0224974899797266,0.0224974899797266,0.0224974899797266,0.0224974899797266,0.0224974899797266,0.0224506379181403,0.0224179369530525,0.0223781797413228,0.0223336599181724,0.0222757439743098,0.022139839982645,0.0220710128927228,0.0215846643620272,0.0210458719155604,0.0204953252104204,0.019966668217207,0.0193766213127556,0.0188907269886821,0.0180752516544248,0
350,0.154307,9.75086,4.4241e-05,0.02477496,0.0247593609405385,0.0247593609405385,0.0247593609405385,0.0247593609405385,0.0247593609405385,0.0247077984282464,0.0246718097469115,0.0246280553922661,0.0245790595988961,0.0245153208547252,0.0243657532369189,0.024290006353004,0.0237547609178357,0.0231617989178025,0.0225559008998694,0.021974093359539,0.0213247238391026,0.0207899782759515,0.0198925160187318,0
324,0.416534,37.9384,1.11194e-05,0.006226864,0.00622294337926864,0.00622294337926864,0.00622294337926864,0.00622294337926864,0.00622294337926864,0.00620998381236958,0.00620093852534545,0.00618994143732654,0.00617762698184864,0.00616160707741758,0.00612401520179463,0.00610497720760364,0.00597045022829009,0.0058214169409962,0.00566913235383485,0.00552290259492458,0.00535969201095178,0.00522529066796897,0.00499972520102815,0
331,0.738117,62.1384,1.90586e-05,0.010672816,0.0106660960742602,0.0106660960742602,0.0106660960742602,0.0106660960742602,0.0106660960742602,0.0106438834367346,0.0106283798567503,0.0106095308989182,0.0105884239793748,0.010560965937521,0.0104965336371498,0.0104639026034529,0.0102333239851871,0.00997788162236002,0.00971686654664791,0.00946622941846049,0.00918648723491604,0.00895612395673807,0.00856950579314667,0
324,0.99667,27.5124,1.9957e-06,0.001117592,0.00111688833048604,0.00111688833048604,0.00111688833048604,0.00111688833048604,0.00111688833048604,0.00111456235897134,0.00111293891891936,0.00111096517136469,0.00110875498387281,0.00110587974570591,0.00109913278937906,0.00109571586715242,0.00107157108482459,0.00104482272327159,0.00101749082131664,0.000991245634538823,0.000961952744415747,0.000937830511184566,0.00089734622225047,0
291,0.888573,0.37094,2.93075e-05,0.0164122,0.0164018663855888,0.0164018663855888,0.0164018663855888,0.0164018663855888,0.0164018663855888,0.0163677087415707,0.0163438679993131,0.0163148828780732,0.0162824255598799,0.0162402017574164,0.0161411205214846,0.0160909419133985,0.0157363679753954,0.0153435596343549,0.0149421818137682,0.0145567627570509,0.0141265871909428,0.0137723443937173,0.0131778195162628,0
292,0.402336,21.7281,3.8561e-06,0.002159416,0.00215805636678218,0.00215805636678218,0.00215805636678218,0.00215805636678218,0.00215805636678218,0.00215356211476144,0.00215042529701104,0.00214661161361898,0.00214234107997792,0.00213678553260337,0.00212374903498752,0.00211714684337647,0.00207049419261016,0.0020188108950281,0.00196600007820769,0.00191528901705925,0.00185868917058754,0.00181208008928136,0.00173385617458538,0
9066,0.0750615,0.563388,1.33643e-05,0.007484008,0.00747929584362105,0.00747929584362105,0.00747929584362105,0.00747929584362105,0.00747929584362105,0.0074637198647095,0.00745284842116249,0.00743963112675711,0.00742483050106299,0.00740557633188227,0.00736039501783765,0.00733751343557901,0.00717582675197738,0.00699670507622313,0.00681367569440393,0.00663792355247141,0.00644176232008587,0.00628022663758275,0.00600912167060278,0
8153,0.358054,0.0229897,0.000165777,0.09283512,0.0927766682181608,0.0927766682181608,0.0927766682181608,0.0927766682181608,0.0927766682181608,0.092583456523121,0.0924486020753092,0.0922846486011549,0.0921010547484507,0.0918622170686417,0.0913017670115211,0.0910179332108664,0.0890122963015313,0.0867903876313044,0.0845200059555083,0.0823398945517575,0.0799066192869717,0.0779028554655729,0.0745399432209331,0
2252,0.960985,8.21858,1.67401e-05,0.009374456,0.00936855356074024,0.00936855356074024,0.00936855356074024,0.00936855356074024,0.00936855356074024,0.00934904311540623,0.00933542556326199,0.00931886960222584,0.00930033036304517,0.0092762126226845,0.00921961858369716,0.00919095715173531,0.00898842868019848,0.00876406116642718,0.00853479886652433,0.00831465202522591,0.00806894079109788,0.00786660146328644,0.00752701583158546,0
1963,0.0944124,2.3836,1.04023e-05,0.005825288,0.00582162022358816,0.00582162022358816,0.00582162022358816,0.00582162022358816,0.00582162022358816,0.00580949643068979,0.00580103448227431,0.00579074660624691,0.00577922632096013,0.00576423955442028,0.00572907201230536,0.00571126179529969,0.00558541058058367,0.00544598858259661,0.00530352496396354,0.00516672569232009,0.00501404070413185,0.00488830702334781,0.0046772884740773,0
3084,0.127597,14.754,1.87018e-05,0.010473008,0.0104664138793825,0.0104664138793825,0.0104664138793825,0.0104664138793825,0.0104664138793825,0.010444617089247,0.0104294037549963,0.0104109076724098,0.010390195899881,0.0103632519057187,0.0103000258557946,0.0102680057144416,0.0100417438062697,0.00979108363285093,0.00953495507445982,0.00928901017588724,0.00901450510373023,0.00878845450421983,0.0084090742993856,0
344,0.368798,27.2828,1.35087e-05,0.007564872,0.00756010892921617,0.00756010892921617,0.00756010892921617,0.00756010892921617,0.00756010892921617,0.00754436465332275,0.00753337574485441,0.0075200156388306,0.00750505509377293,0.00748559288511168,0.00743992339123362,0.00741679457563854,0.00725336088268273,0.00707230381412983,0.00688729681711682,0.00670964568988054,0.00651136495389538,0.00634808389359069,0.00607404966303299,0
402,0.993091,30.8433,5.5496e-06,0.003107776,0.00310581925082192,0.00310581925082192,0.00310581925082192,0.00310581925082192,0.00310581925082192,0.00309935123883719,0.00309483681136186,0.0030893482562537,0.0030832022140104,0.00307520681303277,0.00305644502076366,0.00304694331630458,0.00297980202051538,0.00290542074714036,0.00282941677706008,0.00275643472136927,0.00267497767721082,0.00260789908546869,0.00249532123816265,0
395,0.254256,21.7226,6.769e-07,0.000379064,0.00037882532991231,0.00037882532991231,0.00037882532991231,0.00037882532991231,0.00037882532991231,0.000378036408672498,0.000377485771517019,0.000376816317330641,0.000376066667627151,0.000375091446544234,0.000372803019056314,0.00037164406998821,0.00036345466118042,0.000354382172361847,0.000345111758755941,0.000336209936372866,0.000326274396299554,0.000318092635677122,0.000304361205512524,0
589,0.614387,21.1747,1.81563e-05,0.010167528,0.0101611262187722,0.0101611262187722,0.0101611262187722,0.0101611262187722,0.0101611262187722,0.0101399652042849,0.0101251956173651,0.0101072390343482,0.010087131389332,0.0100609733060882,0.00999959145352661,0.00996850528575408,0.00974884305627133,0.00950549421783632,0.00925683649800633,0.00901806539779387,0.00875156717614653,0.00853211009180755,0.00816379576842522,0
605,0.130205,13.0873,2.41887e-05,0.013545672,0.013537143237775,0.013537143237775,0.013537143237775,0.013537143237775,0.013537143237775,0.0135089515119758,0.0134892747547551,0.0134653521273684,0.0134385637512673,0.0134037146890597,0.013321938819689,0.013280524325194,0.0129878796910841,0.012663678612216,0.0123324047850788,0.0120143023902236,0.0116592605846817,0.011366889254843,0.0108762031197825,0
381,0.184168,3.03123,1.72624e-05,0.009666944,0.00966085740150431,0.00966085740150431,0.00966085740150431,0.00966085740150431,0.00966085740150431,0.00964073821992631,0.00962669579293157,0.00960962327712877,0.00959050560385128,0.0095656353771978,0.00950727557417303,0.00947771989033014,0.00926887242304755,0.00903750452382797,0.00880108911855304,0.00857407357902639,0.00832069602405291,0.00811204360188027,0.00776186271833268,0
365,0.291044,1.28495,0.000246808,0.13821248,0.138125457268426,0.138125457268426,0.138125457268426,0.138125457268426,0.138125457268426,0.137837804626447,0.137637033973367,0.137392940829873,0.137119607185289,0.136764026796705,0.135929631448147,0.135507061051337,0.132521078470405,0.129213111532402,0.125832978216924,0.122587238848152,0.118964590341114,0.11598139640449,0.110974708834591,0
2362,0.275265,10.5614,4.6321e-06,0.002593976,0.00259234275474488,0.00259234275474488,0.00259234275474488,0.00259234275474488,0.00259234275474488,0.00258694408127031,0.0025831760115881,0.00257859486409701,0.00257346492999812,0.00256679138652319,0.00255113142941462,0.00254320061544155,0.00248715960415693,0.00242507558073174,0.00236163713655398,0.002300721002028,0.00223273102540872,0.00217674235148471,0.00208277668792223,0
2429,0.42066,32.1323,1.05939e-05,0.005932584,0.00592884866680163,0.00592884866680163,0.00592884866680163,0.00592884866680163,0.00592884866680163,0.00591650156571956,0.00590788375664669,0.00589740638819483,0.00588567391073316,0.00587041110288811,0.00583459580969226,0.0058164575462374,0.00568828827755836,0.00554629826530385,0.00540121060878204,0.0052618916308768,0.00510639433735831,0.00497834476746915,0.00476343946680325,0
351,0.1908,3.9511,5.5025e-05,0.030814,0.0307945985794429,0.0307945985794429,0.0307945985794429,0.0307945985794429,0.0307945985794429,0.0307304674061223,0.0306857062752607,0.0306312865432391,0.0305703477414448,0.0304910723091985,0.0303050467182356,0.03021083609263,0.0295451214824237,0.0288076215603644,0.0280540323911148,0.0273304058929191,0.0265227487906381,0.0258576558991485,0.0247414320185059,0
340,0.568778,63.5798,6.9568e-06,0.003895808,0.00389335508218933,0.00389335508218933,0.00389335508218933,0.00389335508218933,0.00389335508218933,0.00388524699047545,0.00387958784944541,0.00387270757335767,0.00386500309255217,0.00385498031514098,0.00383146113601857,0.00381955010502878,0.00373538393691823,0.00364214196585448,0.00354686583441177,0.00345537787761672,0.00335326594796386,0.0032691783836292,0.00312805441647145,0
312,0.118551,11.087,6.2335e-06,0.00349076,0.00348856211258441,0.00348856211258441,0.00348856211258441,0.00348856211258441,0.00348856211258441,0.00348129702091891,0.00347622626200522,0.00347006132970978,0.00346315788543928,0.00345417717836236,0.00343310329337795,0.00342243065485523,0.00334701526143913,0.00326346767826499,0.00317809742680626,0.00309612149265809,0.00300462616240695,0.00292928120031517,0.0028028299225326,0
5629,0.243764,18.4547,1.3398e-06,0.000750288,0.000749815596124263,0.000749815596124263,0.000749815596124263,0.000749815596124263,0.000749815596124263,0.000748254070526536,0.000747164184781358,0.00074583912241039,0.000744355327650845,0.00074242505551775,0.000737895530996676,0.000735601602851534,0.000719392162874172,0.000701434827198113,0.000683085735531407,0.000665466202913822,0.000645800614805941,0.000629606313015524,0.000602427453310207,0
5436,0.283586,19.6181,2.19796e-05,0.012308576,0.0123008261505992,0.0123008261505992,0.0123008261505992,0.0123008261505992,0.0123008261505992,0.0122752091122145,0.012257329389327,0.0122355915621223,0.012211249708639,0.0121795833335259,0.0121052758718425,0.0120676436707237,0.0118017256180842,0.0115071331003759,0.0112061137727169,0.0109170629598184,0.0105944463301901,0.0103287766215525,0.0098829037563644,0
3682,0.997129,0.153554,0.000107174,0.06001744,0.0599796512158693,0.0599796512158693,0.0599796512158693,0.0599796512158693,0.0599796512158693,0.0598547408229668,0.0597675580980425,0.0596615629983663,0.0595428704923509,0.0593884631288695,0.0590261349746513,0.0588426378444621,0.0575460036303004,0.0561095508061879,0.0546417604268122,0.053232329326083,0.0516592290574802,0.0503638057852857,0.0481896998664488,0
3519,0.438094,0.697413,6.04022e-05,0.033825232,0.0338039346172689,0.0338039346172689,0.0338039346172689,0.0338039346172689,0.0338039346172689,0.0337335363627093,0.0336844010464253,0.0336246632629175,0.0335577693475383,0.0334707468938605,0.0332665423513714,0.0331631251946253,0.0324323550532604,0.0316227845345469,0.0307955524815011,0.0300012111372155,0.0291146274784531,0.0283845398119319,0.0271592353488086,0
359,0.999645,75.1474,2.4355e-06,0.00136388,0.00136302126015871,0.00136302126015871,0.00136302126015871,0.00136302126015871,0.00136302126015871,0.00136018270545408,0.0013582015017428,0.00135579279193201,0.0013530955370157,0.00134958667167747,0.00134135286292163,0.00133718294054703,0.00130771728069865,0.00127507428096806,0.00124171914381754,0.00120969020540126,0.00117394192966105,0.0011445037881395,0.00109509782246381,0
327,0.299344,20.4712,3.39804e-05,0.019029024,0.0190170427545461,0.0190170427545461,0.0190170427545461,0.0190170427545461,0.0190170427545461,0.0189774388849977,0.0189497968835233,0.0189161902635871,0.0188785578263224,0.0188296016991457,0.0187147225716371,0.0186565432941755,0.0182454347300564,0.0177899955233041,0.0173246204863796,0.0168777487397319,0.0163789843344916,0.0159682597095034,0.0152789415095254,0
372,0.07025,9.65849,9.573e-07,0.000536088,0.000535750462882338,0.000535750462882338,0.000535750462882338,0.000535750462882338,0.000535750462882338,0.000534634737807921,0.000533856003949242,0.000532909234127084,0.000531849048484963,0.000530469850460623,0.000527233461578682,0.000525594427832343,0.000514012626899123,0.000501181937659915,0.000488071334993443,0.000475482009291985,0.000461430757242669,0.000449859772689775,0.000430440215744037,0
368,0.558943,35.2507,1.42092e-05,0.007957152,0.00795214193793766,0.00795214193793766,0.00795214193793766,0.00795214193793766,0.00795214193793766,0.0079355812352035,0.00792402249171166,0.00790996959109846,0.00789423325993162,0.00787376182927513,0.00782572412228539,0.00780139595106585,0.00762948732699782,0.00743904145889195,0.00724444083692556,0.0070575775268272,0.00684901484990341,0.00667726677332451,0.00638902236869338,0
