"Population","shapeRisk","v_to_h","aImp","aImp_2000","aImp_2001","aImp_2002","aImp_2003","aImp_2004","aImp_2005","aImp_2006","aImp_2007","aImp_2008","aImp_2009","aImp_2010","aImp_2011","aImp_2012","aImp_2013","aImp_2014","aImp_2015","aImp_2016","aImp_2017","aImp_2018","aImp_2019","aImp_2020"
350,0.508354,0.478984,0.000101535,0.01929165,0.0192853486440464,0.0192853486440464,0.0192715253949606,0.019238064293535,0.019238064293535,0.0192369095403044,0.0191232782859896,0.0190576037776849,0.0190506303418307,0.0190251955521658,0.0190051013939219,0.0189083501822466,0.0188646134410898,0.0188187771295895,0.0187556005716927,0.0183568930266534,0.0179296236775878,0.0174568868800927,0.0170050272567855,0
301,0.681981,53.6502,1.11633e-05,0.002121027,0.00212033419528323,0.00212033419528323,0.00211881439347578,0.00211513550133471,0.00211513550133471,0.00211500854159925,0.00210251531481743,0.00209529470873522,0.00209452801196591,0.00209173157539265,0.00208952231635168,0.00207888497158097,0.00207407632074573,0.00206903683193722,0.00206209086385953,0.00201825482764013,0.00197127855419329,0.00191930334671334,0.00186962348722779,0
532,0.853874,39.2491,1.16714e-05,0.002217566,0.00221684166212757,0.00221684166212757,0.00221525268621404,0.00221140634850608,0.00221140634850608,0.00221127361017096,0.00219821175148568,0.00219066249796496,0.00218986090482733,0.0021869371878421,0.00218462737390082,0.00217350586809546,0.00216847835048343,0.00216320948825814,0.00215594737294976,0.00211011613011555,0.00206100172148125,0.00200666085125635,0.00195471980228341,0
719,0.172975,3.42052,2.57972e-05,0.004901468,0.00489986700192243,0.00489986700192243,0.00489635490145149,0.00488785337266146,0.00488785337266146,0.00488755998220456,0.00485868946274024,0.00484200340940261,0.00484023165464397,0.00483376938689448,0.00482866402402405,0.00480408225066678,0.00479296996959159,0.00478132424649082,0.00476527285239642,0.00466397243105514,0.00455541525518755,0.00443530607399544,0.00432050119809668,0
280,0.309252,25.8613,1.5019e-06,0.000285361,0.000285267790697723,0.000285267790697723,0.000285063317975982,0.000284568363248734,0.000284568363248734,0.000284551282204,0.000282870455091621,0.000281899001464569,0.000281795850794264,0.000281419620818415,0.000281122389161681,0.000279691250689084,0.000279044299277813,0.000278366291140301,0.000277431787054959,0.000271534127510029,0.000265213983368978,0.000258221287292177,0.000251537405199844,0
512,0.136341,0.109052,0.000129895,0.02468005,0.0246719885962319,0.0246719885962319,0.0246543043401626,0.0246114971330943,0.0246114971330943,0.0246100198427915,0.0244646499528105,0.0243806317299688,0.0243717105259477,0.0243391714802637,0.0243134647713939,0.0241896897318454,0.0241337367698858,0.0240750978012313,0.0239942752377015,0.0234842036706273,0.0229375926291453,0.0223328145101654,0.0217547448221811,0
326,0.159282,0.713552,2.43147e-05,0.004619793,0.00461828400724277,0.00461828400724277,0.00461497373832519,0.00460696077094614,0.00460696077094614,0.00460668424089859,0.00457947283735018,0.00456374568940046,0.00456207575291782,0.00455598485539218,0.00455117288484554,0.00452800376398554,0.00451753007766845,0.00450655360489318,0.00449142464392117,0.00439594570222258,0.00429362703337218,0.00418042022379859,0.00407221289447543,0
362,0.151492,9.23022,5.64208e-05,0.010719952,0.0107164504729996,0.0107164504729996,0.0107087691929285,0.0106901755837168,0.0106901755837168,0.0106895339123613,0.0106263914858735,0.0105898975842813,0.0105860225970391,0.0105718890354029,0.0105607231469561,0.0105069605944994,0.0104826570348849,0.0104571867895124,0.0104220809448501,0.0102005277990664,0.00996310347750477,0.00970041387978858,0.00944932527551725,0
318,0.208551,1.40746,6.47243e-05,0.012297617,0.0122936001501143,0.0122936001501143,0.0122847884091303,0.0122634583616886,0.0122634583616886,0.0122627222549813,0.0121902871006636,0.0121484223586745,0.0121439770860664,0.0121277634754227,0.012114954293107,0.0120532794573377,0.0120253991209448,0.0119961803965991,0.0119559079931295,0.0117017486711481,0.0114293823981415,0.0111280325355117,0.0108399909949905,0
578,0.052097,0.0435702,5.60144e-05,0.010642736,0.0106392596945592,0.0106392596945592,0.0106316337428816,0.0106131740637592,0.0106131740637592,0.0106125370143736,0.0105498494038778,0.0105136183684912,0.0105097712928492,0.0104957395355024,0.0104846540751435,0.0104312787752837,0.0104071502746302,0.0103818634918765,0.0103470105152216,0.0101270532205858,0.00989133907052617,0.00963054163053394,0.00938126162182977,0
974,0.59433,22.036,0.000241507,0.04588633,0.0458713418523437,0.0458713418523437,0.0458384624371965,0.0457588732293176,0.0457588732293176,0.0457561265804923,0.0454858479245037,0.0453296372239854,0.0453130504945537,0.0452525523436933,0.0452047572003929,0.0449746287237291,0.0448705982992788,0.044761573922645,0.0446113047448445,0.0436629552783571,0.0426466698724893,0.0415222374526079,0.0404474626257399,0
409,0.546469,19.1773,7.52e-06,0.0014288,0.00142833330184891,0.00142833330184891,0.00142730950874185,0.00142483127480557,0.00142483127480557,0.00142474575016584,0.00141632986369864,0.00141146580399065,0.00141094932949788,0.00140906554934049,0.00140757731306734,0.00140041161540843,0.00139717233542124,0.00139377755468078,0.00138909850100093,0.00135956897188589,0.00132792406613936,0.00129291169880629,0.00125944556035876,0
604,0.369318,22.4183,3.88881e-05,0.007388739,0.00738632556856789,0.00738632556856789,0.0073810312376202,0.00736821557151149,0.00736821557151149,0.00736777329880642,0.00732425231017276,0.00729909884736287,0.00729642800803808,0.00728668643474839,0.00727899033354975,0.00724193443366548,0.00722518317780513,0.00720762778247095,0.00718343103946464,0.00703072528398878,0.00686708030271732,0.0066860212013762,0.0065129580978441,0
378,0.0421776,0.516468,0.000178663,0.03394597,0.0339348820090733,0.0339348820090733,0.0339105583457905,0.0338516795280036,0.0338516795280036,0.0338496476013138,0.033649699792286,0.0335341376247848,0.0335218670287339,0.0334771114683271,0.033441753388903,0.0332715080377281,0.0331945480004474,0.0331138935175441,0.0330027267931288,0.0323011530883043,0.0315493214665768,0.0307174844207219,0.0299223832646779,0
652,0.443171,21.9924,9.1994e-06,0.001747886,0.00174731507673256,0.00174731507673256,0.00174606264557444,0.00174303096136255,0.00174303096136255,0.00174292633697815,0.00173263097714219,0.00172668065388718,0.00172604883800303,0.001723744363644,0.00172192376779677,0.00171315779451972,0.00170919510405241,0.00170504218570882,0.00169931818485478,0.00166319398935732,0.00162448200186735,0.00158165051622322,0.00154071057020803,0
704,0.754307,2.58729,0.000217317,0.04129023,0.0412767431061036,0.0412767431061036,0.0412471569828793,0.041175539647197,0.041175539647197,0.0411730681102115,0.0409298613017816,0.0407892970912016,0.0407743717338418,0.0407199332428228,0.0406769253914702,0.0404698472108661,0.0403762367575448,0.0402781325599152,0.040142914752928,0.0392895545562933,0.0383750630693096,0.0373632568682829,0.0363961344202773,0
593,0.372778,21.844,1.55529e-05,0.002955051,0.00295408577264972,0.00295408577264972,0.00295196835884456,0.00294684286355366,0.00294684286355366,0.00294666598108435,0.00292926020440407,0.00291920033283061,0.00291813215781217,0.00291423611467257,0.00291115813728791,0.00289633800708586,0.00288963851270917,0.00288261741093014,0.00287294016970975,0.00281186705622926,0.00274641891067273,0.00267400616494208,0.00260479133719466,0
322,0.531388,0.487743,0.000180283,0.03425377,0.0342425814703759,0.0342425814703759,0.0342180372559184,0.0341586245632676,0.0341586245632676,0.0341565742123868,0.0339548134065402,0.0338382033963891,0.033825821538546,0.0337806601637968,0.0337449814802819,0.0335731924548773,0.0334955345939823,0.0334141487886323,0.0333019740765891,0.0325940389572478,0.0318353902148674,0.0309960106111562,0.030193699994436,0
334,0.305232,14.0037,4.18062e-05,0.007943178,0.00794058346858455,0.00794058346858455,0.0079348918596228,0.00792111452669901,0.00792111452669901,0.00792063906656692,0.00787385233347848,0.0078468113955843,0.00784394014080507,0.00783346757564341,0.0078251939714835,0.00778535745692656,0.00776734921397438,0.00774847649022547,0.00772246406283842,0.00755829951495424,0.00738237487949941,0.00718772939662709,0.00700167991828066,0
363,0.132126,1.23422,0.000176374,0.03351106,0.0335001140665292,0.0335001140665292,0.0334761020338876,0.0334179775615103,0.0334179775615103,0.03341597166752,0.033218585555849,0.0331045039512031,0.033092390563944,0.0330482084041728,0.0330133033264547,0.0328452391297933,0.0327692650914342,0.0326896439400622,0.0325799014648321,0.031887316203112,0.0311451169203809,0.030323937229423,0.0295390227742974,0
302,0.445476,42.7309,5.4712e-06,0.001039528,0.00103918845227071,0.00103918845227071,0.00103844358832825,0.00103664054131865,0.00103664054131865,0.00103657831759406,0.00103045531253564,0.0010269164503715,0.00102654068770596,0.00102517013744038,0.00102408736639017,0.00101887394018917,0.00101651719169637,0.00101404730813424,0.00101064304769631,0.00098915874454549,0.000966135392375226,0.000940662032780452,0.000916313636946126,0
566,0.219495,6.48924,2.3739e-06,0.000451041,0.000450893673571692,0.000450893673571692,0.000450570484415196,0.000449788160008103,0.000449788160008103,0.000449761161744507,0.000447104449924762,0.000445568972352846,0.000445405932619017,0.00044481126430577,0.000444341460570554,0.000442079406092827,0.000441056836044744,0.000439985177800093,0.000438508102596555,0.000429186274249988,0.000419196667634074,0.000408144026834609,0.00039757949677336,0
491,0.485006,42.2257,2.4063e-06,0.000457197,0.000457047662797743,0.000457047662797743,0.000456720062617754,0.000455927060713383,0.000455927060713383,0.000455899693965966,0.000453206722209846,0.000451650287784934,0.000451485022815258,0.000450882238215163,0.000450406022398131,0.00044811309443581,0.000447076567915442,0.000445990283221856,0.000444493048265762,0.000435043991628859,0.000424918042599888,0.000413714550643296,0.000403005831368523,0
547,0.759418,1.60131,0.000153523,0.02916937,0.0291598422207114,0.0291598422207114,0.0291389411849169,0.0290883473140925,0.0290883473140925,0.029086601303552,0.0289147885192296,0.0288154873172948,0.0288049433394285,0.0287664854164096,0.028736102637505,0.0285898128234505,0.0285236819748503,0.0284543765328799,0.0283588522831337,0.0277559983072922,0.0271099582986587,0.0263951705765743,0.0257119495695423,0
613,0.284751,31.2171,9.11478e-05,0.017318082,0.0173124252832798,0.0173124252832798,0.0173000161756516,0.017269978200761,0.017269978200761,0.0172689415807136,0.0171669349934084,0.0171079790969387,0.0171017190552137,0.0170788862869917,0.0170608477946808,0.016973994393474,0.0169347319939505,0.0168935848136347,0.0168368713230761,0.0164789522254868,0.0160953932441034,0.0156710182101671,0.0152653845806474,0
415,0.286288,24.3339,5.48372e-05,0.010419068,0.0104156647526794,0.0104156647526794,0.0104081990681886,0.010390127338134,0.010390127338134,0.0103895036769939,0.0103281335108531,0.010292663907792,0.0102888976823858,0.0102751608167945,0.0102643083287415,0.0102120547654887,0.0101884333499949,0.0101636779948857,0.0101295574892404,0.00991422282248682,0.0096834624467683,0.00942814593215166,0.00918410479820553,0
421,0.43431,6.27671,1.19284e-05,0.002266396,0.00226565571247002,0.00226565571247002,0.00226403174788248,0.00226010071521153,0.00226010071521153,0.00225996505402636,0.00224661557794453,0.00223890009259602,0.00223808084866788,0.00223509275249376,0.00223273207728623,0.00222136567995184,0.00221622745822323,0.0022108425775604,0.00220342055310365,0.00215658012290474,0.00210638423278415,0.00205084679628205,0.00199776202422653,0
278,0.217222,17.1405,3.0612e-06,0.000581628,0.000581438019098388,0.000581438019098388,0.000581021259063903,0.000580012433302501,0.000580012433302501,0.000579977618405276,0.000576551725898176,0.000574571691379811,0.000574361447800386,0.000573594608994829,0.000572988786005552,0.000570071813442589,0.000568753185264826,0.000567371256700638,0.00056546653341277,0.000553445816055464,0.000540563982881094,0.000526311342072583,0.000512688131565193,0
555,0.0862618,9.49761,6.04494e-05,0.011485386,0.0114816344543598,0.0114816344543598,0.0114734047098058,0.0114534834658553,0.0114534834658553,0.0114527959774036,0.0113851450083331,0.0113460453419884,0.0113418936700198,0.011326750933285,0.0113147877697517,0.0112571864234668,0.0112311475229804,0.0112038586321702,0.0111662461338305,0.0109288734852552,0.0106744964153836,0.0103930500592847,0.0101240330394084,0
610,0.310939,26.9911,6.2854e-06,0.001194226,0.00119383592226611,0.00119383592226611,0.00119298021093697,0.00119090884237539,0.00119090884237539,0.00119083735878888,0.00118380315495897,0.0011797376548408,0.0011793059728226,0.00117773146327456,0.00117648755898318,0.00117049829354895,0.00116779082407668,0.00116495338327002,0.00116104251571692,0.00113636101275154,0.00110991142623835,0.00108064723293578,0.00105267541556901,0
649,0.87695,0.999203,4.50441e-05,0.008558379,0.00855558352151761,0.00855558352151761,0.00854945109610621,0.00853460670551456,0.00853460670551456,0.00853409442088368,0.00848368404433883,0.00845454877945948,0.00845145514532385,0.00844017147753298,0.00843125708078945,0.00838833521883227,0.00836893223323773,0.00834859781260591,0.0083205707166138,0.0081436915859741,0.00795414154622183,0.00774442072502667,0.00754396167092502,0
3166,0.580364,16.9031,2.2174e-06,0.000421306,0.000421168386106352,0.000421168386106352,0.00042086650328247,0.000420135753823653,0.000420135753823653,0.000420110535427891,0.000417628968053906,0.000416194717256498,0.000416042425961249,0.000415486961317501,0.000415048129520682,0.000412935201596628,0.000411980044755725,0.000410979035870899,0.000409599337249927,0.000400892052960076,0.00039156101386402,0.000381237021400675,0.000371368960843022,0
739,0.89028,19.6741,1.71136e-05,0.003251584,0.00325052191416509,0.00325052191416509,0.00324819202244741,0.00324255219474901,0.00324255219474901,0.00324235756250508,0.0032232051536427,0.00321213579563489,0.00321096043155517,0.0032066734288821,0.00320328658309964,0.00318697928476777,0.00317960751056714,0.00317188185635438,0.00316123352483104,0.00309403185601946,0.00302201613009078,0.00294233692136854,0.00286617653480794,0
498,0.567693,1.68436,4.97499e-05,0.009452481,0.00944939347521982,0.00944939347521982,0.00944262038948884,0.00942622519128318,0.00942622519128318,0.00942565938778932,0.00936998259122621,0.00933780353749394,0.00933438670845564,0.00932192422515086,0.00931207853289481,0.00926467258316591,0.00924324254919853,0.00922078377228899,0.00918982865890238,0.00899447079713109,0.00878511828431207,0.00855348772931426,0.00833208652703357,0
590,0.609442,10.5573,4.58081e-05,0.008703539,0.00870069610697141,0.00870069610697141,0.0086944596685369,0.008679363499923,0.008679363499923,0.00867884252635265,0.00862757713155502,0.00859794769890746,0.00859480159316113,0.00858332654132236,0.0085742609461064,0.0085306110797594,0.00851087899710233,0.00849019968119316,0.00846169721325805,0.00828181800811782,0.00808905298060088,0.00787577505187348,0.00767191598051466,0
309,0.60725,0.145686,0.000113756,0.02161364,0.02160658019749,0.02160658019749,0.0215910931484625,0.0215536045873381,0.0215536045873381,0.0215523108451949,0.0214250026562371,0.0213514234040905,0.0213436106285054,0.021315114445582,0.0212926017054905,0.0211842052822342,0.0211352042803429,0.0210838509987057,0.0210130703563645,0.0205663733997143,0.0200876768707114,0.0195580403204001,0.0190517937718313,0
561,0.823615,27.2395,6.8533e-06,0.001302127,0.00130170167786717,0.00130170167786717,0.00130076865109847,0.00129851012973737,0.00129851012973737,0.00129843218744835,0.00129076242751142,0.001286329600331,0.00128585891487338,0.00128414214485308,0.00128278585101654,0.00127625544200513,0.00127330334658808,0.00127020953663481,0.00126594531341884,0.0012390337812534,0.00121019441522246,0.00117828613636026,0.00114778700250089,0
660,0.796266,75.0216,5.7943e-06,0.001100917,0.00110055740038605,0.00110055740038605,0.00109976854873709,0.00109785902335185,0.00109785902335185,0.00109779312502473,0.00109130852782301,0.0010875606792637,0.0010871627260518,0.00108571123837016,0.00108456452461517,0.00107904322116503,0.00107654729562916,0.00107393155386793,0.00107032625589756,0.00104757320396255,0.00102319021495097,0.000996212534094854,0.00097042625138122,0
825,0.596288,1.58958,1.59837e-05,0.003036903,0.00303591103680351,0.00303591103680351,0.00303373497272302,0.0030284675062646,0.0030284675062646,0.00302828572432524,0.00301039782478723,0.00300005930468688,0.0029989615422733,0.00299495758257894,0.00299179434825458,0.00297656371505368,0.00296967865128623,0.0029624630719084,0.00295251778064475,0.00288975300211868,0.00282249200744039,0.00274807350002795,0.00267694148977478,0
1543,0.0650933,10.613,9.325e-07,0.000177175,0.000177117128188046,0.000177117128188046,0.000176990175119917,0.00017668286752077,0.00017668286752077,0.000176672262237985,0.000175628669933376,0.000175025513593256,0.000174961469382549,0.00017472787563298,0.000174543330377034,0.000173654764809622,0.000173253085476104,0.000172832123635615,0.000172251908535022,0.000168590168388776,0.000164666115914223,0.000160324489246924,0.000156174599073743,0
650,0.658329,47.5898,5.42581e-05,0.010309039,0.0103056716921607,0.0103056716921607,0.0102982848479077,0.0102804039616394,0.0102804039616394,0.0102797868865789,0.0102190648108441,0.0101839697791895,0.01018024332644,0.010166651526951,0.0101559136449653,0.0101042118976053,0.0100808399325158,0.0100563460026097,0.0100225858214306,0.00980952516402683,0.00958120169853674,0.00932858141555874,0.00908711744129013,0
563,0.149249,4.77362,6.6904e-05,0.01271176,0.0127076078759175,0.0127076078759175,0.0126984993846894,0.0126764510119138,0.0126764510119138,0.0126756901155712,0.0126008155852253,0.0125575409774189,0.0125529460027561,0.0125361863714197,0.0125229458182789,0.0124591939783624,0.012430374724604,0.0124001720104206,0.0123585433658199,0.0120958247998741,0.0118142861331101,0.0115027878054437,0.0112050459800855,0
788,0.639334,10.4508,4.70653e-05,0.008942407,0.00893948608397732,0.00893948608397732,0.00893307848693986,0.00891756800506736,0.00891756800506736,0.00891703273341495,0.00886436036355528,0.00883391775326611,0.00883068530287453,0.00881889531906583,0.00880958091924314,0.00876473308546306,0.0087444594572209,0.00872321259897835,0.00869392788286687,0.00850911190591768,0.00831105645612621,0.0080919251300303,0.007882471161164,0
593,0.630097,63.9801,2.64e-07,5.016e-05,5.01436159159723e-05,5.01436159159723e-05,5.01076742430649e-05,5.0020672413387e-05,5.0020672413387e-05,5.00176699526306e-05,4.97222186192077e-05,4.95514590762675e-05,4.95333275249255e-05,4.94671948172725e-05,4.94149482247046e-05,4.91633864983809e-05,4.90496670945753e-05,4.8930488621772e-05,4.87662239713091e-05,4.77295490130153e-05,4.66186108325522e-05,4.53894532559656e-05,4.42145781828076e-05,0
962,0.182428,20.7634,2.19772e-05,0.004175668,0.00417430407465344,0.00417430407465344,0.00417131203929805,0.00416406940061927,0.00416406940061927,0.00416381945485968,0.00413922402665928,0.00412500881216268,0.00412349941545755,0.00411799406794758,0.00411364469743931,0.00409270294603112,0.00408323615026856,0.00407331490355457,0.0040596403691752,0.00397334032033651,0.00388085808329229,0.00377853443976139,0.00368072965014849,0
576,0.122846,0.880053,7.19262e-05,0.013665978,0.0136615141935432,0.0136615141935432,0.0136517219664452,0.0136280185156809,0.0136280185156809,0.0136272005020716,0.0135467054577608,0.0135001824083766,0.0134952425084216,0.0134772248025231,0.0134629903371202,0.0133944529165146,0.0133634703234009,0.0133310004193458,0.013286246888656,0.0130038071523483,0.0127011345699406,0.0123662533817395,0.0120461613382283,0
726,0.31592,17.757,2.36712e-05,0.004497528,0.00449605894344759,0.00449605894344759,0.00449283628235772,0.00448503538193851,0.00448503538193851,0.00448476617038906,0.00445827492946587,0.00444296400790206,0.00444133826707582,0.00443540856802508,0.00443072394854783,0.00440816800939573,0.00439797151412542,0.00438728553887761,0.0043725569729911,0.00427960492650336,0.00417999416946784,0.00406978343148717,0.00396443986015483,0
621,0.156219,17.925,9.4869e-06,0.001802511,0.00180192223421681,0.00180192223421681,0.00180063066203232,0.0017975042315097,0.0017975042315097,0.00179739633740004,0.00178677922658546,0.00178064294360092,0.00177999138218263,0.00177761488830297,0.00177573739512481,0.00176669746731625,0.00176261093469518,0.00175832822918897,0.00175242534164171,0.00171517219140748,0.00167525037540659,0.00163108031853796,0.00158886091576696,0
623,0.753073,7.36307,4.45898e-05,0.008472062,0.00846929471579554,0.00846929471579554,0.00846322414001294,0.00844852946506986,0.00844852946506986,0.00844802234717352,0.00839812039313161,0.00836927897696573,0.00836621654420804,0.00835504667978492,0.00834622219071944,0.0083037332245663,0.00828452593111248,0.00826439659676927,0.00823665217286317,0.00806155698704753,0.00787391868674748,0.00766631304088203,0.00746787575096877,0
582,0.777155,22.1006,1.9162e-06,0.000364078,0.000363959078856766,0.000363959078856766,0.000363698202214246,0.000363066713933834,0.000363066713933834,0.000363044921072844,0.000360900436811082,0.000359661007128575,0.000359529402285084,0.000359049389048703,0.000358670165864314,0.000356844247000748,0.000356018833661459,0.000355153796579695,0.000353961508991752,0.000346436976586136,0.000338373416959608,0.000329451781549551,0.000320924146643546,0
317,0.0826542,1.472,4.31084e-05,0.008190596,0.00818792065284887,0.00818792065284887,0.00818205175886265,0.00816784528282292,0.00816784528282292,0.00816735501282569,0.00811911094365247,0.0080912277213764,0.00808826703134658,0.00807746826159436,0.00806893694715854,0.0080278595853288,0.00800929041280224,0.00798982983220755,0.0079630071569878,0.00779372913133586,0.00761232470914391,0.00741161631340708,0.00721977167475661,0
611,0.846257,41.5739,7.3967e-06,0.001405373,0.00140491395396088,0.00140491395396088,0.00140390694724878,0.00140146934712159,0.00140146934712159,0.00140138522476751,0.00139310732750263,0.00138832302026298,0.00138781501402885,0.00138596212085197,0.00138449828611239,0.00137745007921429,0.00137426391135775,0.00137092479238129,0.00136632245775978,0.00133727710297186,0.0013061510558528,0.00127171276097879,0.00123879534259384,0
537,0.0530352,7.36353,5.69892e-05,0.010827948,0.0108244111975702,0.0108244111975702,0.0108166525339882,0.0107978716072007,0.0107978716072007,0.0107972234714563,0.0107334449292945,0.0106965833772319,0.0106926693522102,0.0106783934048504,0.0106671150279066,0.01061281085543,0.0105882624544931,0.0105625356142572,0.0105270761028247,0.0103032909644414,0.0100634747593124,0.00979813874808665,0.00954452060218054,0
1453,0.973702,52.3249,1.60012e-05,0.003040228,0.00303923495073733,0.00303923495073733,0.00303705650415958,0.00303178327053442,0.00303178327053442,0.00303160128956831,0.00301369380518813,0.00300334396579989,0.00300224500148423,0.00299823665799296,0.00299506996035281,0.00297982265165868,0.00297293004967318,0.00296570657020719,0.0029557503901883,0.00289291689267826,0.00282558225626452,0.00275108227060363,0.00267987238037402,0
3456,0.434829,34.5769,4.13646e-05,0.007859274,0.00785670687468874,0.00785670687468874,0.00785107538634349,0.00783744358375298,0.00783744358375298,0.00783697314591889,0.00779068062233363,0.007763925318584,0.0077610843929452,0.00775072244976724,0.00774253623990763,0.00770312051951108,0.00768530249810709,0.00766662912743996,0.00764089147001368,0.0074784609966052,0.00730439465774313,0.00711180522027165,0.00692772098750214,0
298,0.192782,11.3869,4.04454e-05,0.007684626,0.0076821159210904,0.0076821159210904,0.00767660957511537,0.00766328069707728,0.00766328069707728,0.00766282071326563,0.00761755689750493,0.00759139614743663,0.00758861835256296,0.00757848667144892,0.00757048237472525,0.00753194254652127,0.00751452047540506,0.00749626206251143,0.00747109634473176,0.0073122753850417,0.00714207713093525,0.00695376739666224,0.00677377386528382,0
298,0.247982,33.3716,2.7091e-06,0.000514729,0.000514560870749851,0.000514560870749851,0.000514192046560179,0.000513299256193586,0.000513299256193586,0.000513268445714666,0.00051023660023218,0.000508484309786047,0.000508298248476423,0.000507619611664671,0.000507083470589194,0.000504502008949862,0.000503335049719371,0.000502112070928949,0.00050042642939649,0.000489788337996817,0.000478388176539648,0.000465774878089911,0.000453718612708501,0
605,0.400396,23.2616,1.08497e-05,0.002061443,0.00206076965758911,0.00206076965758911,0.0020592925501325,0.00205571700561941,0.00205571700561941,0.0020555936124434,0.0020434513460334,0.00203643358159007,0.002035688422906,0.00203297054397334,0.00203082334755143,0.00202048482761925,0.00201581126165157,0.00201091334242288,0.00200416250083906,0.00196155790881255,0.00191590129526493,0.00186538617799716,0.00181710192768943,0
570,0.216484,13.3873,9.9524e-06,0.001890956,0.00189033834485653,0.00189033834485653,0.001888983398245,0.00188570356108709,0.00188570356108709,0.00188559037286576,0.00187445230524925,0.00186801492920699,0.00186733139719344,0.001864838294316,0.00186286867693769,0.00185338518100942,0.00184909813178807,0.00184460528393683,0.00183841275550021,0.00179933168029217,0.00175745099412838,0.00171111361585103,0.00166682260570672,0
412,0.904998,50.1498,1.9811e-05,0.00376409,0.00376286051102776,0.00376286051102776,0.00376016338799,0.00375363462568791,0.00375363462568791,0.00375340931602866,0.00373123815554971,0.00371842407484824,0.00371706345301628,0.00371210074441283,0.00370818007302887,0.003689302461816,0.00368076876822209,0.00367182541699214,0.00365949872384699,0.00358170490718502,0.00349833825455944,0.00340610022141642,0.00331793563780152,0
453,0.218713,16.8032,3.18223e-05,0.006046237,0.00604426207864714,0.00604426207864714,0.00603992970479199,0.00602944258992623,0.00602944258992623,0.00602908067626363,0.00599346726350762,0.00597288407637389,0.00597069851703196,0.00596272694558217,0.005956429192769,0.00592610619002813,0.00591239856508979,0.00589803290935081,0.00587823261015981,0.00575327283165483,0.0056193614374876,0.00547119999373983,0.0053295817094953,0
364,0.728354,25.075,2.37278e-05,0.004508282,0.00450680943079927,0.00450680943079927,0.00450357906403256,0.00449575951094835,0.00449575951094835,0.00449548965568951,0.00446893507179104,0.00445358754041614,0.00445195791229518,0.00444601403479272,0.00444131821396267,0.00441870834150107,0.00440848746547979,0.0043977759390897,0.00438301215585768,0.00428983785254176,0.0041899889170933,0.00407951465517765,0.00397391919775009,0
512,0.223105,15.7782,3.3499e-06,0.000636481,0.000636273102109529,0.000636273102109529,0.000635817037677436,0.000634713070142443,0.000634713070142443,0.000634674971872414,0.000630925985426075,0.000628759214998441,0.000628529143468742,0.000627689984539323,0.000627027026734613,0.000623834956177751,0.000622391968939841,0.000620879711492704,0.000618795354854122,0.000605640970601136,0.000591544259196843,0.000575947460083937,0.000561039452479497,0
555,0.497738,2.39074,2.38395e-05,0.004529505,0.00452802549859402,0.00452802549859402,0.00452477992468767,0.00451692356060204,0.00451692356060204,0.00451665243498386,0.00448997284383561,0.00447455306306318,0.00447291576337296,0.0044669439047211,0.00446222597804108,0.00443950966828845,0.00442924067689822,0.00441847872537399,0.00440364544077282,0.00431003251399916,0.00420971353387359,0.00409871920793785,0.00399262665374638,0
539,0.325582,11.5583,4.3091e-05,0.00818729,0.00818461573270895,0.00818461573270895,0.00817874920760572,0.00816454846577749,0.00816454846577749,0.00816405839366972,0.00811583379742529,0.00808796182975547,0.00808500233475971,0.00807420792375413,0.00806568005284373,0.00802461927121868,0.00800605759383464,0.00798660486818476,0.00795979301949879,0.00779058332015091,0.00760925211888449,0.00740862473580612,0.00721685753210365,0
628,0.998789,39.7498,5.41053e-05,0.010280007,0.0102766491750699,0.0102766491750699,0.0102692831334216,0.0102514526027577,0.0102514526027577,0.0102508372654851,0.0101902861934008,0.0101552899952999,0.0101515740368725,0.0101380205141931,0.0101273128719019,0.0100757567254199,0.0100524505797429,0.0100280256288923,0.00999436052210178,0.00978189987959809,0.00955421941166093,0.00930231055018938,0.00906152657937221,0
622,0.230551,21.8436,2.41942e-05,0.004596898,0.00459539648558416,0.00459539648558416,0.00459210262186197,0.00458412936554533,0.00458412936554533,0.00458385420593915,0.00455677765801831,0.00454112845145088,0.00453946679092255,0.00453340607896991,0.00452861795582632,0.00450556365764821,0.00449514187734687,0.0044842198023215,0.00446916581820699,0.00437416005579808,0.00427234846289748,0.0041597026892632,0.00405203161920638,0
572,0.48129,31.8969,6.06485e-05,0.011523215,0.0115194510980297,0.0115194510980297,0.0115111942474641,0.0114912073896337,0.0114912073896337,0.0114905176368262,0.0114226438482084,0.0113834154007084,0.0113792500545282,0.0113640574427097,0.0113520548765379,0.0112942638107843,0.0112681391469142,0.0112407603756725,0.0112030239944089,0.0109648695201358,0.0107096546177199,0.0104272812719486,0.0101573782004546,0
634,0.0512458,5.84842,5.99631e-05,0.011392989,0.0113892676345873,0.0113892676345873,0.0113811040962285,0.0113613431136029,0.0113613431136029,0.0113606611558204,0.0112935544215356,0.0112547693020308,0.011250651029204,0.0112356301119227,0.0112237631889878,0.0111666252308374,0.0111407958066619,0.0111137264480158,0.0110764165326288,0.0108409534864482,0.0105886228152023,0.0103094406232303,0.0100425877766421,0
990,0.194348,20.2568,6.801e-06,0.00129219,0.00129176792365351,0.00129176792365351,0.00129084201714805,0.00128860073137668,0.00128860073137668,0.00128852338389334,0.00128091215465618,0.00127651315597612,0.00127604606248871,0.0012743423937586,0.0012729964502887,0.00126651587717988,0.00126358631026593,0.00126051611029042,0.00125628442889725,0.00122957826832393,0.0012009589858795,0.00116929421058266,0.00113902782659574,0
1873,0.307069,16.7929,4.47375e-05,0.008500125,0.00849734854939701,0.00849734854939701,0.00849125786533756,0.0084765145155072,0.0084765145155072,0.00847600571782505,0.00842593846771516,0.00839700151675954,0.00839392893994831,0.00838272207627928,0.00837386835682849,0.00833123864951256,0.00831196773349835,0.00829177172241108,0.00826393539741076,0.00808826022337035,0.00790000038682312,0.00769170706454077,0.00749261246762636,0
342,0.420158,50.1334,6.4146e-06,0.001218774,0.00121837590399468,0.00121837590399468,0.00121750260302865,0.00121538865629891,0.00121538865629891,0.00121531570332631,0.00120813690740443,0.00120398783860085,0.00120354728311131,0.00120194040861696,0.00120067093515981,0.00119455855694134,0.00119179543388206,0.0011888996678531,0.0011849084101756,0.00115971956476851,0.00113272629184276,0.00110286055627166,0.00107431376216454,0
305,0.359003,31.3419,3.9143e-06,0.000743717,0.000743474074923827,0.000743474074923827,0.000742941171551625,0.000741651204650457,0.000741651204650457,0.000741606687483266,0.000737226061898351,0.000734694228266038,0.000734425393677333,0.000733444851035038,0.000732670196348337,0.000728940317312926,0.000727254211773849,0.000725487165197735,0.00072305163064733,0.000707680960991082,0.000691209198416133,0.000672984609393281,0.00065556486129153,0
611,0.353945,16.8773,4.54241e-05,0.008630579,0.00862775993836636,0.00862775993836636,0.0086215757787288,0.0086066061582308,0.0086066061582308,0.0086060895518761,0.00855525390447254,0.00852587284934198,0.00852275311676124,0.00851137425795178,0.00850238465777956,0.00845910069939812,0.00843953402678295,0.00841902806137967,0.00839076452384523,0.00821239320955344,0.00802124409211717,0.00780975402895571,0.00760760386679421,0
570,0.441192,29.5914,8.0676e-06,0.001532844,0.00153234331728674,0.00153234331728674,0.00153124497243693,0.00152858627561455,0.00152858627561455,0.00152849452314334,0.00151946579898606,0.00151424754258976,0.00151369345886397,0.00151167250343874,0.00151007589506677,0.00150238839740279,0.00149891323580377,0.00149527125001897,0.00149025147163232,0.00145857162733864,0.00142462236648749,0.00138706042836299,0.00135115731419553,0
547,0.931831,13.9228,6.9719e-06,0.001324661,0.00132422831744154,0.00132422831744154,0.00132327914414858,0.00132098153787459,0.00132098153787459,0.00132090224675282,0.00131309975754263,0.00130859021793117,0.00130811138701147,0.00130636490737327,0.00130498514215082,0.00129834172093963,0.00129533853794193,0.00129219118796262,0.00128785317009686,0.00126047591956,0.00123113747296769,0.00119867700437601,0.00116765006679059,0
553,0.375862,31.3961,4.81493e-05,0.009148367,0.00914537880993533,0.00914537880993533,0.00913882363421063,0.00912295591755263,0.00912295591755263,0.00912240831761439,0.00906852280667354,0.009037379047352,0.00903407214771172,0.00902201061899735,0.00901248169149912,0.00896660093002459,0.00894586036301832,0.00892412415074351,0.00889416495402179,0.00870509232686506,0.00850247529757502,0.00827829697597525,0.00806401889885402,0
675,0.398974,0.146798,4.97108e-05,0.009445052,0.00944196690180196,0.00944196690180196,0.00943519913925057,0.00941881682654317,0.00941881682654317,0.00941825146773194,0.00936261842930192,0.00933046466609287,0.00932705052244722,0.00931459783379724,0.00930475987957819,0.00925739118766558,0.00923597799623112,0.00921353687037569,0.00918260608557936,0.00898740176165227,0.00877821378551073,0.00854676527619945,0.00832553808003755,0
286,0.660943,6.55829,3.16697e-05,0.006017243,0.0060152775491442,0.0060152775491442,0.00601096595066512,0.00600052912549334,0.00600052912549334,0.00600016894734404,0.00596472631441182,0.00594424183146844,0.00594206675271262,0.00593413340797188,0.00592786585527245,0.00589768826283248,0.00588404637115558,0.00586974960418535,0.00585004425494003,0.00572568370597534,0.0055924144677412,0.0054449635143199,0.00530402434346994,0
364,0.380505,26.6128,2.2928e-06,0.000435632,0.000435489706712657,0.000435489706712657,0.000435177558729164,0.000434421961020506,0.000434421961020506,0.000434395885103756,0.000431829935038331,0.000430346914280554,0.000430189444504353,0.000429615091958494,0.000429161338218192,0.000426976562740484,0.000425988926948645,0.000424953879969692,0.000423527266369006,0.000414523901428187,0.000404875571654832,0.000394200524338174,0.000383996912339172,0
379,0.181801,9.88656,3.9133e-06,0.000743527,0.000743284136984752,0.000743284136984752,0.00074275136975525,0.000741461732406467,0.000741461732406467,0.000741417226612233,0.000737037720161157,0.000734506533345294,0.000734237767436708,0.000733257475297093,0.000732483018514153,0.000728754092364068,0.000727068417580309,0.000725301822437804,0.000722866910101984,0.000707500167244821,0.000691032612769039,0.0006728126796461,0.000655397381828717,0
1293,0.241768,9.58797,2.39345e-05,0.004547555,0.00454606960280621,0.00454606960280621,0.00454281109534332,0.0045349234237811,0.0045349234237811,0.00453465121773196,0.00450786530886904,0.00449238408053381,0.00449074025623231,0.00448474459982579,0.0044800078722886,0.00445720103842991,0.00444689112528452,0.00443608628756743,0.00442119389258067,0.00432720791989399,0.00422648917034742,0.00411505253392011,0.00400853720271367,0
626,0.66512,13.7228,6.03456e-05,0.011465664,0.0114619188962837,0.0114619188962837,0.011453703283342,0.0114338162469291,0.0114338162469291,0.0114331299389904,0.0113655951360123,0.0113265626092152,0.011322418066243,0.0113073013316864,0.0112953587105634,0.0112378562737754,0.0112118620856909,0.0111846200536894,0.0111470721412236,0.0109101070943932,0.0106561668252154,0.0103752037515273,0.0101066486711683,0
585,0.277979,16.3351,0.000119379,0.02268201,0.0226746012289123,0.0226746012289123,0.0226583486494805,0.0226190070152944,0.0226190070152944,0.0226176493230117,0.0224840482444788,0.0224068319434308,0.0223986329795382,0.0223687282200423,0.0223451026671099,0.0222313481696599,0.0221799250306186,0.0221260333377974,0.0220517539828443,0.0215829766349422,0.0210806179643153,0.0205248012888027,0.0199935307912326,0
393,0.80123,1.67049,7.15633e-05,0.013597027,0.0135925857154527,0.0135925857154527,0.0135828428945406,0.0135592590383369,0.0135592590383369,0.0135584451519738,0.0134783562413331,0.0134320679216388,0.0134271529456989,0.0134092261472232,0.0133950635010947,0.0133268718825742,0.0132960456105652,0.0132637395317669,0.0132192118027499,0.01293819710183,0.0126370516386105,0.0123038600764873,0.0119853830411732,0
636,0.779203,1.08898,0.000211565,0.04019735,0.0401842200805405,0.0401842200805405,0.0401554170501289,0.040085695299766,0.040085695299766,0.0400832891800315,0.0398465196294419,0.0397096759070854,0.0396951455977684,0.0396421479981677,0.039600278489241,0.0393986813050377,0.0393075485563024,0.0392120410047924,0.0390804021760985,0.0382496289277977,0.0373593424272307,0.0363743169624938,0.0354327925501731,0
650,0.448288,0.599289,1.3836e-06,0.000262884,0.000262798132505073,0.000262798132505073,0.00026260976546479,0.000262153796784705,0.000262153796784705,0.000262138061160832,0.000260589627581575,0.00025969469234062,0.000259599666528359,0.000259253071019615,0.000258979251377656,0.000257660839239242,0.000257064846182024,0.000256440242640469,0.000255579346540543,0.000250146227327303,0.000244323901317876,0.000237881998200583,0.000231724584748987,0
8834,0.286247,18.8268,2.61537e-05,0.004969203,0.0049675798772029,0.0049675798772029,0.00496401924185927,0.00495540022764394,0.00495540022764394,0.00495510278272771,0.00492583329204989,0.00490891664864764,0.00490712040942668,0.0049005688374716,0.00489539292191082,0.00487047144493449,0.00485920559958862,0.0048473989404062,0.00483112572681222,0.00472842540159734,0.00461836803837621,0.00449659902886571,0.00438020762658976,0
430,0.616543,35.7418,1.42993e-05,0.002716867,0.00271597957222448,0.00271597957222448,0.00271403282690855,0.00270932045848767,0.00270932045848767,0.00270915783315777,0.00269315500265771,0.00268390598018664,0.00268292390256503,0.0026793418895857,0.00267651200435423,0.0026628864111981,0.00265672691168735,0.0026502717270807,0.00264137449406417,0.00258522401591594,0.00252505114347694,0.00245847503387511,0.00239483908261144,0
1587,0.207413,23.8604,5.50048e-05,0.010450912,0.0104474983512685,0.0104474983512685,0.0104400098492611,0.0104218828862268,0.0104218828862268,0.010421257318979,0.0103596995860068,0.0103241215765086,0.0103203438403145,0.0103065649904739,0.0102956793337509,0.0102432660669172,0.0102195724568322,0.0101947414414502,0.0101605166526404,0.00994452385436023,0.00971305820122108,0.00945696135777931,0.0092121743561731,0
1267,0.783497,24.3288,1.84978e-05,0.003514582,0.00351343400943361,0.00351343400943361,0.00351091566899002,0.00350481967488011,0.00350481967488011,0.00350460930018853,0.00348390778626659,0.00347194310492796,0.0034706726738279,0.00346603892534449,0.0034623781411778,0.00344475185897633,0.00343678383326529,0.00342843330465081,0.00341692370369879,0.00334428655959452,0.00326644598279691,0.00318032207741743,0.00309800160723462,0
2763,0.362013,27.1437,2.93e-08,5.567e-06,5.56518161491663e-06,5.56518161491663e-06,5.5611926337947e-06,5.55153674890999e-06,5.55153674890999e-06,5.55120352125787e-06,5.51841289978328e-06,5.49946117778272e-06,5.49744885030423e-06,5.49010912176548e-06,5.48431054160547e-06,5.45639100152485e-06,5.4437698707237e-06,5.43054286597697e-06,5.41231197863392e-06,5.29725676545965e-06,5.17395945982492e-06,5.03754159242346e-06,4.90714826044039e-06,0
613,0.0804467,1.35672,8.11837e-05,0.015424903,0.0154198646645361,0.0154198646645361,0.0154088120963891,0.0153820578144193,0.0153820578144193,0.0153811345156567,0.015290279089834,0.015237768137159,0.0152321924310049,0.0152118556965417,0.0151957891370831,0.0151184303805629,0.015083460070098,0.0150468110194066,0.0149962973371953,0.0146775052583634,0.014335876197904,0.013957893016274,0.0135966024652258,0
625,0.587505,2.03969,1.25348e-05,0.002381612,0.00238083407872549,0.00238083407872549,0.00237912755720443,0.00237499668396713,0.00237499668396713,0.00237485412622059,0.00236082600737896,0.00235271829253484,0.00235185740098271,0.00234871739998314,0.00234623671593571,0.00233429248893903,0.00232889305718592,0.00232323442718253,0.00231543509180138,0.00226621345063767,0.00221346576918134,0.00215510499497302,0.00209932157047673,0
588,0.127659,4.43237,5.88e-08,1.1172e-05,1.11683508176484e-05,1.11683508176484e-05,1.11603456268645e-05,1.1140967946618e-05,1.1140967946618e-05,1.11402992167223e-05,1.10744941470053e-05,1.10364613397141e-05,1.10324229487334e-05,1.10176933911198e-05,1.10060566500478e-05,1.09500269928212e-05,1.09246985801554e-05,1.08981542839401e-05,1.0861568066337e-05,1.06306722801716e-05,1.03832360490684e-05,1.01094691342833e-05,9.84779241344352e-06,0
553,0.371091,28.1922,0.000130198,0.02473762,0.0247295397917718,0.0247295397917718,0.0247118142844643,0.0246689072230233,0.0246689072230233,0.0246674264867144,0.0245217174991803,0.0244375032909541,0.024428561276857,0.0243959463288608,0.0243701796551518,0.0242461158913492,0.0241900324105285,0.0241312566574904,0.0240502455629413,0.0235389841757446,0.0229910980802145,0.0223849092235614,0.0218054910994136,0
290,0.661611,37.2513,1.08821e-05,0.002067599,0.00206692364681516,0.00206692364681516,0.00206544212833506,0.00206185590632469,0.00206185590632469,0.00206173214466486,0.00204955361831848,0.00204251489702216,0.00204176751310224,0.00203904151788273,0.00203688790937901,0.00202651851596224,0.00202183099352227,0.00201691844784464,0.00201014744650827,0.00196741562619142,0.00192162267023074,0.00187095670180585,0.00182252826228459,0
398,0.19315,13.7361,3.96307e-05,0.007529833,0.00752737348212547,0.00752737348212547,0.00752197805160846,0.00750891765989854,0.00750891765989854,0.0075084669416353,0.007464114884213,0.00743848109550695,0.007435759254326,0.00742583165774577,0.00741798859321515,0.00738022508068706,0.00736315394592798,0.00734526331599568,0.00732060451643848,0.00716498271996252,0.00699821280424858,0.00681369623163332,0.00663732834692953,0
421,0.0845301,13.4491,7.848e-06,0.00149112,0.00149063294586572,0.00149063294586572,0.00148956449795293,0.00148697817083432,0.00148697817083432,0.00148688891586457,0.00147810595349826,0.0014730297379945,0.00147249073642278,0.00147052479138619,0.00146897164267985,0.00146149339863369,0.00145811283090238,0.00145456997993813,0.00144968683987437,0.00141886932065964,0.00138584415838587,0.00134930465588189,0.00131437882416165,0
662,0.505501,27.5432,7.18883e-05,0.013658777,0.0136543155456522,0.0136543155456522,0.0136445284783626,0.0136208375176337,0.0136208375176337,0.0136200199350595,0.0135395673059212,0.0134930687708805,0.0134881314739019,0.0134701232620551,0.0134558962972047,0.0133873949909529,0.0133564287234658,0.0133239759287444,0.0132792459799873,0.0129969550693649,0.0126944419739158,0.0123597372443213,0.0120398138665876,0
380,0.449105,0.752088,9.46371e-05,0.017981049,0.0179751757340965,0.0179751757340965,0.0179622915837438,0.0179311037017157,0.0179311037017157,0.017930027398008,0.0178241158169993,0.0177629029838888,0.0177564032966255,0.0177326964494004,0.0177139674115007,0.0176237891075224,0.0175830236734698,0.0175403013058617,0.0174814167219514,0.0171097958443168,0.016711553542505,0.0162709326770081,0.0158497706702431,0
801,0.400434,35.8019,1.41975e-05,0.002697525,0.00269664389002658,0.00269664389002658,0.00269471100403755,0.00269003218404948,0.00269003218404948,0.00268987071648664,0.00267398181381137,0.00266479863725495,0.00266382355126943,0.00266026703946298,0.00265745730083425,0.0026439287114044,0.00263781306278497,0.00263140383411973,0.00262256994254796,0.00256681921254653,0.00250707472460288,0.00244097258561201,0.00237778967329701,0
815,0.508144,26.8657,3.84469e-05,0.007304911,0.00730252494984771,0.00730252494984771,0.00729729068505944,0.00728462041746306,0.00728462041746306,0.0072841831625068,0.00724115593572278,0.00721628784833087,0.00721364731067446,0.00720401625916741,0.00719640747310755,0.00715977198622955,0.00714321077961526,0.00712585455678941,0.00710193233485804,0.00695095908313825,0.00678917071521989,0.00661016579691964,0.00643906615885071,0
895,0.461647,6.85899,3.48271e-05,0.006617149,0.00661498759798166,0.00661498759798166,0.00661024614254032,0.00659876878866769,0.00659876878866769,0.00659837270154266,0.00655939651542806,0.00653686977422377,0.00653447784486111,0.00652575356295694,0.00651886114892655,0.00648567491635515,0.00647067295783896,0.00645495083439134,0.00643328090481507,0.00629652188042115,0.00614996598987264,0.00598781449807136,0.0058328239993578,0
787,0.603208,5.70623,4.26388e-05,0.008101372,0.00809872579665894,0.00809872579665894,0.00809292083528483,0.00807886911704517,0.00807886911704517,0.00807838418778874,0.00803066566386618,0.00800308618659528,0.00800015774874921,0.00798947661505576,0.0079810382362255,0.00794040834934531,0.00792204145951583,0.00790279287214398,0.00787626238889338,0.0077088283880915,0.00752940008926903,0.00733087810413056,0.00714112331901931,0
542,0.905866,0.247927,5.82899e-05,0.011075081,0.0110714634749259,0.0110714634749259,0.0110635277305334,0.0110443181549587,0.0110443181549587,0.0110436552264085,0.0109784210268627,0.0109407181606429,0.0109367148033907,0.0109221130271944,0.0109105772368303,0.010855033646409,0.0108299249620306,0.0108036109420993,0.0107673421161561,0.0105384493902036,0.0102931597104863,0.0100217677702459,0.00976236113946227,0
970,0.291841,27.8287,8.8037e-06,0.001672703,0.00167215663424032,0.00167215663424032,0.00167095807474875,0.00166805679441566,0.00166805679441566,0.00166795667031051,0.00165810415173454,0.001652409773749,0.00165180513458783,0.00164959978413948,0.00164785749880997,0.0016394685822568,0.00163567634166861,0.00163170205560414,0.00162622426506142,0.00159165390396168,0.00155460706131265,0.00151361791526343,0.00147443894677266,0
769,0.418123,2.13079,1.86628e-05,0.003545932,0.00354477376938109,0.00354477376938109,0.00354223296539194,0.00353608259513848,0.00353608259513848,0.00353587034390892,0.00351498417290359,0.00350291276685063,0.00350163100353098,0.00349695592210528,0.00349326248381824,0.00347547897553781,0.0034674398751994,0.00345901486003942,0.00344740259368086,0.00337411752772766,0.00329558261456725,0.00320869048570241,0.00312563571859887,0
1178,0.0443079,0.497791,0.000216483,0.04113177,0.0411183348649145,0.0411183348649145,0.0410888622847023,0.0410175197957093,0.0410175197957093,0.0410150577437702,0.0407727842929619,0.0406327595273016,0.0406178914491608,0.0405636618773773,0.0405208190777603,0.0403145356035189,0.0402212844001324,0.0401235566981328,0.0399888578181095,0.0391387725719113,0.0382277906396341,0.0372198674591334,0.0362564565482907,0
316,0.955199,25.8619,9.5896e-06,0.001822024,0.00182142886055988,0.00182142886055988,0.00182012330652006,0.00181696303096748,0.00181696303096748,0.0018168539688551,0.00180612192299528,0.00179991921196127,0.00179926059709479,0.00179685837658984,0.00179496055869556,0.00178582276956391,0.00178169199837174,0.00177736293063388,0.00177139614164873,0.00173373970914853,0.00169338572136304,0.00164873750357351,0.00160606105659792,0
667,0.306375,36.7302,1.6451e-06,0.000312569,0.000312466903573356,0.000312466903573356,0.000312242935216917,0.000311700788588117,0.000311700788588117,0.000311682078935881,0.000309840991857797,0.000308776914115029,0.000308663928451723,0.000308251826492027,0.0003079262550169,0.000306358663365479,0.00030565002779275,0.000304907374362413,0.000303883769148487,0.000297423791974665,0.000290501048032695,0.000282841627088595,0.000275520464274761,0
359,0.199826,0.179253,9.45386e-05,0.017962334,0.0179564668470975,0.0179564668470975,0.0179435961068008,0.0179124406856827,0.0179124406856827,0.0179113655022112,0.0178055641558857,0.0177444150341955,0.0177379221119239,0.0177142399392129,0.0176955303948335,0.01760544595006,0.0175647229454061,0.0175220450440085,0.0174632217482349,0.01709198766031,0.0166941598562663,0.0162539975969107,0.015833273943156,0
608,0.355264,27.5001,9.1614e-06,0.001740666,0.00174009743504768,0.00174009743504768,0.00173885017731218,0.00173583101609092,0.00173583101609092,0.0017357268238789,0.00172547399112882,0.00171954824689893,0.00171891904085929,0.00171662408560212,0.00171481101009776,0.00170608124646313,0.00170213492469789,0.00169799916083145,0.00169229880413163,0.00165632382699939,0.00161777174727782,0.00157511718583032,0.00153434635062111,0
357,0.470383,24.2989,5.33053e-05,0.010128007,0.0101246988238094,0.0101246988238094,0.0101174416963214,0.0100998748075656,0.0100998748075656,0.0100992685686589,0.0100396128036456,0.0100051340587052,0.0100014730443728,0.00998811992383772,0.00997757060455433,0.00992677676633387,0.00990381522491086,0.00987975142094751,0.00984658408582509,0.00963726488258895,0.00941295089398653,0.00916476675244403,0.00892754300912127,0
1541,0.881151,0.840719,0.000103661,0.01969559,0.0196891567025212,0.0196891567025212,0.0196750440140544,0.019640882284258,0.019640882284258,0.0196397033521199,0.019523692819264,0.0194566431791855,0.0194495237293989,0.0194235563710352,0.0194030414693981,0.0193042644235177,0.019259611896556,0.0192128158372027,0.019148316451098,0.0187412605312052,0.0183050447633075,0.017822409522601,0.0173610885947274,0
600,0.959061,70.3064,9.6801e-06,0.001839219,0.00183861824404623,0.00183861824404623,0.00183730036909202,0.00183411026904859,0.00183411026904859,0.00183400017768356,0.00182316685021133,0.00181690560228855,0.00181624077187133,0.00181381588087379,0.00181190015268925,0.00180267612743552,0.00179850637288712,0.00179413645040763,0.00178811335100253,0.00175010154318519,0.00170936672242496,0.00166429714569346,0.00162121794798256,0
563,0.632749,49.445,4.1813e-06,0.000794447,0.000794187504657027,0.000794187504657027,0.000793618251183815,0.000792240293795814,0.000792240293795814,0.000792192740048994,0.00078751330572914,0.000784808772104535,0.000784521599924132,0.000783474173066143,0.000782646678075595,0.000778662378657879,0.000776861261449045,0.0007749736820993,0.000772372016254677,0.000755952891242882,0.000738357566189964,0.000718889851890792,0.000700281877862779,0
615,0.697777,34.2855,3.01419e-05,0.005726961,0.00572509036582442,0.00572509036582442,0.00572098676616302,0.00571105343112526,0.00571105343112526,0.00571071062858029,0.00567697780832688,0.00565748153155662,0.00565541138228618,0.00564786075554071,0.00564189556020539,0.00561317378596798,0.00560019000226508,0.00558658293556284,0.00556782820576061,0.00544946702043714,0.00532262691611252,0.00518228924657572,0.00504814922018322,0
598,0.876564,2.08722,2.36888e-05,0.004500872,0.00449940185117532,0.00449940185117532,0.00449617679397392,0.00448837009343273,0.00448837009343273,0.00448810068171923,0.00446158974404048,0.00444626743850714,0.00444464048891081,0.0044387063810129,0.00443401827842947,0.00441144556849563,0.00440124149193173,0.00439054757145239,0.00437580805458919,0.00428278689643756,0.00418310207685667,0.00407280939503757,0.00396738749870036,0
1130,0.993091,30.8433,5.5496e-06,0.001054424,0.00105407958669424,0.00105407958669424,0.00105332404916406,0.00105149516524747,0.00105149516524747,0.00105143204988303,0.00104522130473165,0.00104163173215778,0.00104125058497093,0.00103986039529521,0.00103876210859023,0.0010334739761796,0.00103108345646991,0.00102857818051282,0.00102512513845143,0.00100333297425238,0.000979979707107316,0.000954141324959495,0.000929444026830717,0
852,0.533576,37.6788,4.9132e-06,0.000933508,0.000933203082266497,0.000933203082266497,0.000932534185950858,0.00093091502917217,0.00093091502917217,0.000930859151557822,0.000925360623181406,0.000922182684596657,0.000921845245437363,0.000920614475667513,0.000919642134915221,0.000914960418726686,0.000912844031701013,0.000910626048092766,0.000907568983393317,0.000888275834131616,0.000867600601297331,0.000844725233853069,0.0008228600966961,0
652,0.448014,2.24125,1.68187e-05,0.003195553,0.00319450921593168,0.00319450921593168,0.00319221947269635,0.00318667682999633,0.00318667682999633,0.00318648555163753,0.0031676631753442,0.00315678456350765,0.00315562945319494,0.00315141632376236,0.00314808783979863,0.00313206154734969,0.00312481680289217,0.00311722427645074,0.00310675943600855,0.00304071578024697,0.00296994102276305,0.00289163483892466,0.00281678684122419,0
795,0.21806,19.7549,7.80389e-05,0.014827391,0.014822547833731,0.014822547833731,0.0148119234071482,0.0147862055015192,0.0147862055015192,0.0147853179684331,0.0146979819947064,0.014647505150405,0.0146421454294883,0.0146225964758547,0.0146071522841398,0.0145327901613958,0.0144991744902532,0.0144639451079758,0.0144153881661916,0.0141089450851204,0.013780549654926,0.013417208347337,0.0130699130505693,0
436,0.698179,13.3974,5.80819e-05,0.011035561,0.0110319563835982,0.0110319563835982,0.0110240489568874,0.0110049079282087,0.0110049079282087,0.0110042473652337,0.0109392459455264,0.0109016776171283,0.0108976885453408,0.0108831388737021,0.01087164424732,0.0108162988570466,0.0107912797697743,0.0107650596480337,0.0107289202427242,0.0105008442909813,0.010256429895891,0.00998600638283208,0.00972752541119703,0
603,0.475377,20.8689,5.3202e-06,0.001010838,0.00101050782347029,0.00101050782347029,0.00100978351707558,0.00100803023247614,0.00100803023247614,0.00100796972606813,0.00100201571021935,0.000998574517339236,0.000998209125371623,0.000996876401010808,0.000995823513428308,0.000990753972911689,0.000988462268471817,0.000986060551384664,0.000982750245349085,0.000961858888860014,0.000939470959664182,0.000914700640956016,0.000891024238061262,0
588,0.928933,11.708,0.000220571,0.04190849,0.0418948011598558,0.0418948011598558,0.0418647720282844,0.0417920823291408,0.0417920823291408,0.0417895737845519,0.0415427253146108,0.0414000563633008,0.0413849075208346,0.0413296538940933,0.0412860020639065,0.0410758231944484,0.0409808110633242,0.0408812379007306,0.0407439954074834,0.039877857406628,0.0389496727649503,0.0379227162656121,0.036941112592273,0
920,0.736245,31.0614,3.563e-06,0.00067697,0.000676748876926551,0.000676748876926551,0.000676263800485001,0.000675089605336734,0.000675089605336734,0.000675049083489481,0.00067106160962211,0.000668757002608868,0.000668512295345869,0.000667619754295235,0.000666914623199327,0.000663519492779285,0.000661984711583227,0.000660376253633991,0.000658159303067327,0.000644168117929445,0.000629174660592361,0.000612585689208354,0.00059672932600509,0
330,0.140997,8.05954,3.85094e-05,0.007316786,0.00731439607103994,0.00731439607103994,0.00730915329733289,0.00729646243271244,0.00729646243271244,0.00729602446694634,0.00725292729429741,0.00722801878087733,0.00722537395071351,0.00721572724278892,0.00720810608774408,0.00717141104553314,0.00715482291671151,0.0071374384792851,0.00711347736894216,0.00696225869227959,0.0068002073181632,0.0066209114061185,0.00644953362527656,0
588,0.105842,4.97676,6.2676e-06,0.001190844,0.00119045502695056,0.00119045502695056,0.00118960173896149,0.00118753623643236,0.00118753623643236,0.0011874649552845,0.00118045067203692,0.00117639668525157,0.00117596622573948,0.00117439617513916,0.00117315579353469,0.00116718348945929,0.00116448368743167,0.00116165428214325,0.00115775449000976,0.00113314288406809,0.00110676820172009,0.00107758688343595,0.00104969428113093,0
314,0.385608,22.7536,1.63346e-05,0.003103574,0.00310256025962516,0.00310256025962516,0.00310033642307109,0.00309495331668072,0.00309495331668072,0.00309476754397061,0.0030764869403686,0.00306592145237575,0.00306479959010851,0.00306070772902356,0.00305747505026992,0.00304191004960777,0.00303487383379943,0.00302749984636817,0.00301733622000661,0.00295319352768182,0.00288445591100533,0.002808403648314,0.0027357100332761,0
604,0.423536,30.7075,4.89869e-05,0.009307511,0.00930447082770509,0.00930447082770509,0.00929780161885453,0.00928165786911873,0.00928165786911873,0.00928110074319137,0.00922627784574721,0.0091945923129667,0.00919122788685898,0.00917895653709942,0.00916926184541204,0.00912258294718763,0.00910148157952747,0.00907936724646167,0.00904888688280349,0.00885652516873363,0.00865038343558011,0.00842230533221463,0.00820429969690674,0
827,0.079019,0.0333874,1.64097e-05,0.003117843,0.00311682459884974,0.00311682459884974,0.00311459053797887,0.00310918268220438,0.00310918268220438,0.00310899605538516,0.00309063140483186,0.00308001734092359,0.00307889032077943,0.00307477964694317,0.00307153210561718,0.00305589554326697,0.00304882697773429,0.00304141908763898,0.00303120873296209,0.00296677113802605,0.00289771749310201,0.00282131557232735,0.0027482877409334,0
901,0.141153,11.7796,1.1295e-05,0.00214605,0.0021453490218595,0.0021453490218595,0.0021438112900584,0.0021400889958682,0.0021400889958682,0.00213996053831425,0.00212731992160587,0.00212001412979713,0.00211923838785619,0.0021164089600799,0.00211417363711378,0.0021034107973455,0.00209854541603496,0.00209344647342013,0.00208641855968158,0.00204206536402276,0.00199453488391544,0.00194194649441717,0.00189168053248035,0
583,0.718348,17.6735,2.27374e-05,0.004320106,0.00431869489593875,0.00431869489593875,0.00431559936490251,0.00430810620050055,0.00430810620050055,0.00430784760901873,0.00428240141527414,0.00426769449091183,0.00426613288358046,0.00426043710393277,0.00425593728698635,0.00423427115215259,0.00422447689619771,0.00421421246965408,0.00420006492774713,0.00411077972624444,0.00401509849221239,0.00390923543356891,0.00380804753777943,0
844,0.176724,8.58381,2.75653e-05,0.005237407,0.00523569627200209,0.00523569627200209,0.00523194345762256,0.00522285924726036,0.00522285924726036,0.00522254574827746,0.0051916964882729,0.00517386679876908,0.00517197361069253,0.00516506842915365,0.00515961315264564,0.00513334658274174,0.00512147268318976,0.00510902878032474,0.00509187724862245,0.00498363385381996,0.00486763633781269,0.00473929505998738,0.00461662163629753,0
1054,0.203387,0.51967,0.0002412,0.045828,0.0458130309050474,0.0458130309050474,0.0457801932857093,0.0457007052504126,0.0457007052504126,0.0456979620930853,0.0454280270111852,0.0452720148833171,0.0452554492386819,0.0451950279921445,0.0451472936052983,0.0449174576644298,0.044813559481862,0.0447046736953462,0.0445545955374233,0.0436074515982549,0.0425924580788318,0.0414694550202231,0.0403960464306561,0
709,0.601876,54.7701,1.20268e-05,0.002285092,0.00228434560567506,0.00228434560567506,0.00228270824464581,0.00227874478402016,0.00227874478402016,0.00227860800373598,0.00226514840488442,0.00225736927279717,0.00225654327074536,0.00225353052510748,0.00225115037616999,0.00223969021491942,0.00223450960686757,0.0022290803051376,0.00222159705476568,0.00217437022753686,0.0021237602604581,0.00206776468340473,0.00201424200336739,0
636,0.0387933,1.64451,3.71982e-05,0.007067658,0.00706534944532395,0.00706534944532395,0.00706028518192567,0.00704802642639262,0.00704802642639262,0.00704760337284828,0.00700597360848868,0.00698191320079854,0.00697935842400638,0.00697004017519647,0.00696267851156138,0.00692723289259118,0.00691120957014179,0.00689441705246363,0.00687127178988466,0.00672520193218161,0.00656866821769486,0.00639547712161387,0.00622993455363528,0
502,0.0964769,0.00906736,7.59771e-05,0.014435649,0.0144309337909448,0.0144309337909448,0.0144205900633817,0.0143955516288604,0.0143955516288604,0.0143946875445379,0.0143096590009599,0.0142605157628162,0.0142552976465682,0.0142362651793614,0.0142212290256182,0.0141488315618414,0.0141161040220123,0.0140818054055501,0.0140345313457975,0.0137361845390786,0.0134164653677496,0.0130627235945978,0.0127246038941401,0
623,0.416279,32.997,2.28694e-05,0.004345186,0.00434376670389673,0.00434376670389673,0.00434065320202405,0.00433311653670724,0.00433311653670724,0.00433285644399504,0.00430726252458374,0.00429247022044997,0.00429089954734292,0.00428517070134141,0.00428064476109871,0.00425885284540179,0.004249001729745,0.00423867771396497,0.00422444803973279,0.00413464450075095,0.00403840779762867,0.00393193016019689,0.00383015482687084,0
699,0.351,37.4271,2.36572e-05,0.004494868,0.00449339981230053,0.00449339981230053,0.00449017905720847,0.00448238277052264,0.00448238277052264,0.0044821137181946,0.00445563814514515,0.00444033627901165,0.00443871149970707,0.00443278530769387,0.00442810345886925,0.00440556086011173,0.00439537039541586,0.00438469074023858,0.00436997088535626,0.0042770738140557,0.00417752197040853,0.00406737641502663,0.00396209514767544,0
717,0.342299,14.8377,4.585e-06,0.00087115,0.000870865450661868,0.000870865450661868,0.000870241236380502,0.000868730238694618,0.000868730238694618,0.000868678093684892,0.000863546865034345,0.000860581211608661,0.000860266313264331,0.000859117758474222,0.000858210369735873,0.000853841390511653,0.000851866377381166,0.000849796554283426,0.000846943700410803,0.000828939326608617,0.000809645191921408,0.000788297890828039,0.000767893337000655,0
637,0.47128,19.7144,4.66297e-05,0.008859643,0.00885674911771596,0.00885674911771596,0.0088504008244388,0.00883503389558527,0.00883503389558527,0.00883450357799311,0.00878231870283359,0.00875215784579027,0.0087489553124584,0.00873727444761732,0.00872804625467237,0.00868361349774073,0.00866352750651485,0.00864247729275243,0.00861346361331421,0.00843035815004621,0.00823413574825249,0.00801703253215796,0.00780951710716237,0
1033,0.251617,12.9985,3.71679e-05,0.007061901,0.00705959432576995,0.00705959432576995,0.0070545341874955,0.00704228541739972,0.00704228541739972,0.00704186270845599,0.0070002668538517,0.00697622604470001,0.00697367334891545,0.00696436269033676,0.00695700702318559,0.0069215902766408,0.00690558000607752,0.00688880116683772,0.00686567475736068,0.00671972388166989,0.00656331767258794,0.00639026765027426,0.00622485992591203,0
650,0.409739,31.2251,9.3722e-06,0.001780718,0.00178013635260483,0.00178013635260483,0.00177886039598808,0.00177577176512404,0.00177577176512404,0.00177566517549259,0.00176517642932931,0.00175911433619165,0.00175847065238298,0.00175612289116076,0.00175426809754385,0.00174533746568229,0.00174130034069613,0.00173706941462489,0.00173123789509054,0.00169443514871129,0.00165499600168502,0.00161135997653622,0.00156965102138223,0
632,0.25733,7.27428,8.7685e-06,0.001666015,0.00166547081878486,0.00166547081878486,0.00166427705151634,0.00166138737142721,0.00166138737142721,0.00166128764765016,0.00165147452258531,0.00164580291253883,0.00164520069091784,0.00164300415816384,0.00164126883904667,0.00163291346405702,0.001629136386056,0.00162517799045457,0.00161972210186524,0.00158528996409327,0.00154839124653498,0.00150756598816263,0.00146854366968162,0
342,0.956445,13.7396,6.43525e-05,0.012226975,0.0122229812243659,0.0122229812243659,0.012214220101238,0.012193012581373,0.012193012581373,0.0121922807031313,0.0121202616427749,0.0120786373871421,0.0120742176498021,0.012058097176055,0.0120453615743572,0.0119840410213525,0.0119563208397866,0.0119272699584567,0.01188722889437,0.0116345295562881,0.0113637278545523,0.0110641090555096,0.0107777221307164,0
430,0.190782,12.919,1.17632e-05,0.002235008,0.00223427796493472,0.00223427796493472,0.00223267649112129,0.00222879990050437,0.00222879990050437,0.00222866611813176,0.00221550152296009,0.0022078928916892,0.00220708499371668,0.00220413828058538,0.00220181029907896,0.00219060131840058,0.00218553425745041,0.0021802239536198,0.00217290471901251,0.00212671299602235,0.00207721228388439,0.00202244400204763,0.00197009441696971,0
632,0.25733,7.27428,8.7685e-06,0.001666015,0.00166547081878486,0.00166547081878486,0.00166427705151634,0.00166138737142721,0.00166138737142721,0.00166128764765016,0.00165147452258531,0.00164580291253883,0.00164520069091784,0.00164300415816384,0.00164126883904667,0.00163291346405702,0.001629136386056,0.00162517799045457,0.00161972210186524,0.00158528996409327,0.00154839124653498,0.00150756598816263,0.00146854366968162,0
645,0.36494,33.9288,1.38977e-05,0.002640563,0.0026397004958917,0.0026397004958917,0.00263780842548425,0.00263322840530124,0.00263322840530124,0.00263307034735104,0.00261751696100062,0.00260852770001607,0.00260757320433014,0.00260409179322731,0.00260134138614575,0.00258809847173693,0.00258211196356167,0.00257583807469243,0.00256719072305327,0.00251261724741736,0.0024541343476044,0.00238942804740695,0.00232757933034548,0
570,0.617718,18.971,5.75144e-05,0.010927736,0.0109241666031727,0.0109241666031727,0.0109163364374444,0.0108973824297443,0.0108973824297443,0.0108967283209227,0.0108323620096688,0.0107951607496064,0.0107912106537863,0.0107768031424187,0.0107654208264203,0.01071061619857,0.0106858415649403,0.0106598776317729,0.0106240913332404,0.0103982438399779,0.0101562175411657,0.00988843625130647,0.00963248081605027,0
813,0.034506,2.22674,5.59945e-05,0.010638955,0.0106354799295716,0.0106354799295716,0.0106278566871337,0.0106094035661038,0.0106094035661038,0.0106087667430401,0.0105461014033077,0.0105098832395684,0.0105060375306608,0.0104920107583173,0.0104809292362433,0.0104275728988015,0.0104034529701788,0.0103781751709538,0.0103433345763692,0.0101234554250352,0.00988782501614903,0.00962712022856503,0.00937792878051978,0
624,0.543998,12.1485,2.65008e-05,0.005035152,0.00503350733585606,0.00503350733585606,0.00502989944538111,0.0050211660435329,0.0050211660435329,0.00502086465106316,0.00499120670902992,0.00497406555563769,0.00497224547754752,0.00496560695611203,0.00496036234815625,0.00493511012468292,0.00492369476416637,0.00491173141237824,0.00489524222810177,0.00479117891092468,0.00467966091648219,0.00455627584411248,0.00443833974813238,0
764,0.104429,16.7207,4.75535e-05,0.009035165,0.00903221378583405,0.00903221378583405,0.00902573972393025,0.00901006835458332,0.00901006835458332,0.00900952753065311,0.00895630879965338,0.00892555041357306,0.00892228443354751,0.00891037215433019,0.008900961137892,0.00885564810549529,0.00883516418250715,0.00881369693437664,0.00878410845310472,0.0085973754128425,0.008397265569037,0.0081758612326044,0.00796423463490963,0
710,0.330497,0.0997859,0.000231602,0.04400438,0.0439900065657993,0.0439900065657993,0.0439584756440997,0.0438821506525956,0.0438821506525956,0.0438795166529135,0.0436203230175975,0.0434705190340216,0.0434546125811659,0.0433965956593559,0.0433507607527956,0.0431300706052955,0.0430303068122645,0.0429257538855289,0.0427816477431937,0.0418721932216377,0.0408975890380331,0.0398192733067733,0.0387885785465705,0
578,0.052097,0.0435702,5.60144e-05,0.010642736,0.0106392596945592,0.0106392596945592,0.0106316337428816,0.0106131740637592,0.0106131740637592,0.0106125370143736,0.0105498494038778,0.0105136183684912,0.0105097712928492,0.0104957395355024,0.0104846540751435,0.0104312787752837,0.0104071502746302,0.0103818634918765,0.0103470105152216,0.0101270532205858,0.00989133907052617,0.00963054163053394,0.00938126162182977,0
590,0.753866,42.7537,4.2509e-06,0.000807671,0.000807407185216692,0.000807407185216692,0.000806828456211533,0.000805427561977525,0.000805427561977525,0.00080537921667287,0.00080062189063784,0.000797872338588279,0.000797580386271613,0.00079651552442706,0.000795674255334836,0.000791623635098361,0.000789792537319433,0.000787873538190494,0.000785228566210749,0.000768536135982677,0.000750647927227636,0.000730856162294637,0.00071193844847461,0
597,0.224236,25.4366,2.93454e-05,0.005575626,0.00557380479735066,0.00557380479735066,0.00556980963535014,0.00556013878878714,0.00556013878878714,0.00555980504480275,0.00552696361465188,0.00550798252718447,0.00550596708162859,0.00549861598026814,0.00549280841527744,0.00546484561420298,0.00545220492711042,0.00543895742727783,0.00542069829139263,0.00530546480153992,0.00518197644820294,0.00504534720294551,0.00491475182805213,0
593,0.666882,16.6172,1.36264e-05,0.002589016,0.00258817033302047,0.00258817033302047,0.00258631519812765,0.00258182458550673,0.00258182458550673,0.00258166961303987,0.00256641984769989,0.00255760606801838,0.00255667020524865,0.00255325675552304,0.00255056003973149,0.00253757564311188,0.00253170599885425,0.00252555458392316,0.00251707603910093,0.00246356790405663,0.00240622666154806,0.00234278350699655,0.00228214215208413,0
588,0.105842,4.97676,6.2676e-06,0.001190844,0.00119045502695056,0.00119045502695056,0.00118960173896149,0.00118753623643236,0.00118753623643236,0.0011874649552845,0.00118045067203692,0.00117639668525157,0.00117596622573948,0.00117439617513916,0.00117315579353469,0.00116718348945929,0.00116448368743167,0.00116165428214325,0.00115775449000976,0.00113314288406809,0.00110676820172009,0.00107758688343595,0.00104969428113093,0
540,0.0682702,12.527,8.46654e-05,0.016086426,0.0160811715870158,0.0160811715870158,0.0160696450108287,0.0160417433263196,0.0160417433263196,0.0160407804303313,0.0159460285162222,0.0158912655427114,0.015885450712988,0.0158642418033421,0.0158474862023633,0.0157668097850001,0.0157303397137464,0.0156921189066582,0.015639438859926,0.0153069748447218,0.0149506944453877,0.0145565008170365,0.0141797157109041,0
651,0.626092,20.6844,1.82007e-05,0.003458133,0.00345700344773423,0.00345700344773423,0.00345452555528694,0.00344852747119065,0.00344852747119065,0.00344832047540471,0.00342795145614626,0.00341617894397508,0.0034149289177383,0.00341036959360126,0.00340676760664159,0.00338942442667076,0.00338158437836453,0.00337336797067532,0.00336204322967654,0.00329057273758025,0.00321398238704558,0.00312924174952975,0.00304824345883268,0
1180,0.244766,9.25186,7.1832e-06,0.001364808,0.00136436220396823,0.00136436220396823,0.00136338426372267,0.0013610170230297,0.0013610170230297,0.00136093532880203,0.00135289636661171,0.00134825015468426,0.00134775681165547,0.00134595740080088,0.00134453581851401,0.00133769105263322,0.00133459685103695,0.00133135411313603,0.00132688462132844,0.00129867763814504,0.00126845002019844,0.0012350057599555,0.00120303847728312,0
346,0.587696,11.4926,5.4311e-05,0.01031909,0.0103157194091378,0.0103157194091378,0.010308325362936,0.0102904270433464,0.0102904270433464,0.0102898093666565,0.0102290280887416,0.0101938988404968,0.010190168754569,0.0101765637034882,0.0101658153523937,0.0101140631973999,0.0100906684453541,0.0100661506346101,0.0100323575382794,0.00981908915320406,0.00959054307926796,0.00933767649918466,0.00909597710487298,0
472,0.470912,33.5828,2.3471e-06,0.000445949,0.000445803336804465,0.000445803336804465,0.00044548379627234,0.000444710303869169,0.000444710303869169,0.000444683610400831,0.000442056891367963,0.000440538748476922,0.000440377549370275,0.000439789594528865,0.000439325094614409,0.000437088577463446,0.00043607755165787,0.000435017991833943,0.000433557591981286,0.000424341001850182,0.000414464172291982,0.00040353630961014,0.000393091047169954,0
670,0.166791,17.9797,4.59461e-05,0.008729759,0.00872690754256385,0.00872690754256385,0.00872065231643668,0.00870551066959363,0.00870551066959363,0.00870498812655516,0.00865356829128779,0.00862384959797005,0.00862069401436734,0.00860918439315866,0.00860009148722386,0.00855631012270173,0.00853651859581086,0.00851577698206363,0.00848718864851577,0.0083067675451019,0.00811342179989972,0.00789950135698455,0.00769502814638295,0
801,0.462016,32.8717,1.76809e-05,0.003359371,0.00335827370700271,0.00335827370700271,0.00335586658153108,0.0033500397987646,0.0033500397987646,0.00334983871464192,0.00333005142115284,0.00331861512417264,0.00331740079786157,0.00331297168501786,0.0033094725684325,0.00329262469825463,0.00328500855656241,0.00327702680406321,0.00326602549020575,0.00319659614827357,0.00312219316768663,0.00303987266694471,0.00296118763406213,0
618,0.518154,36.3376,1.27402e-05,0.002420638,0.00241984733141163,0.00241984733141163,0.00241811284617991,0.0024139142828827,0.0024139142828827,0.0024137693891307,0.0023995114001986,0.00239127082925554,0.00239039583080703,0.00238720437655688,0.0023846830430772,0.00237254309343436,0.00236705518453905,0.00236130383007235,0.00235337669181542,0.00230334848611976,0.00224973646109425,0.00219041936504414,0.00213372185213866,0
481,0.211746,4.67419,4.0868e-06,0.000776492,0.000776238369414378,0.000776238369414378,0.000775681981426355,0.00077433516673875,0.00077433516673875,0.000774288687736405,0.00076971501156431,0.000767071602094281,0.000766790920185097,0.000765767165830415,0.000764958372745161,0.000761064120990845,0.000759303710159509,0.000757458791285825,0.000754915924719492,0.000738867882221177,0.000721670222539675,0.000702642490782123,0.000684455068626888,0
550,0.568107,36.2531,4.172e-05,0.0079268,0.00792421081823623,0.00792421081823623,0.00791853094477526,0.00790478201926706,0.00790478201926706,0.0079043075394839,0.00785761727573236,0.00783063209341622,0.00782776675886323,0.00781731578703262,0.0078090592421768,0.00776930486633504,0.00775133375449122,0.00773249994431942,0.0077065411518296,0.00754271509402651,0.00736715319671999,0.00717290905242002,0.00698724318858612,0
595,0.200982,5.34023,2.2347e-06,0.000424593,0.000424454312452361,0.000424454312452361,0.000424150074359762,0.000423413623644681,0.000423413623644681,0.000423388208496756,0.000420887280107361,0.00041944183938536,0.000419288359924057,0.000418728561583935,0.000418286306052073,0.000416156893211863,0.000415194284303968,0.000414185465617704,0.000412795002684411,0.000404019784770399,0.000394615945558728,0.000384211406026918,0.000374266355549698,0
441,0.522757,34.6271,2.07797e-05,0.003948143,0.00394685339261034,0.00394685339261034,0.0039440243881387,0.00393717638844113,0.00393717638844113,0.00393694006179803,0.00391368479636951,0.00390024414457241,0.00389881699230945,0.00389361162175939,0.00388949924100338,0.00386969856977426,0.00386074760350435,0.00385136694853725,0.00383843751612353,0.00375683980918846,0.00366939677089843,0.00357264856751132,0.00348017299342912,0
750,0.299945,9.42847,0.000105799,0.02010181,0.020095244016265,0.020095244016265,0.0200808402547046,0.0200459739419088,0.0200459739419088,0.0200447706943878,0.0199263674533847,0.0198579349197349,0.0198506686318545,0.0198241656987599,0.0198032276788845,0.019702413364175,0.0196568398823446,0.019609078657935,0.0195432489770475,0.0191277975607121,0.0186825848767924,0.0181899953220754,0.017719159686223,0
883,0.300725,0.446175,0.000207586,0.03944134,0.0394284570209584,0.0394284570209584,0.0394001957023518,0.0393317852409293,0.0393317852409293,0.0393294243741924,0.0390971078571471,0.0389628378174472,0.0389485807863227,0.0388965799368877,0.0388554978870209,0.0386576922335337,0.0385682734602065,0.0384745621630271,0.0383453991261673,0.0375302506114234,0.0366567081374476,0.0356902084984579,0.0347663917676375,0
557,0.709862,64.5491,1.7237e-06,0.000327503,0.000327396025584703,0.000327396025584703,0.000327161356412011,0.000326593306965739,0.000326593306965739,0.000326573703399051,0.000324644652401243,0.000323529734885463,0.000323411350964826,0.000322979559494442,0.0003226384327838,0.000320995944345679,0.000320253451404998,0.000319475315292986,0.000318402804012672,0.000311634180430812,0.000304380679894205,0.000296355305217076,0.000288684350051915,0
313,0.273848,14.0106,3.55571e-05,0.006755849,0.00675364229350689,0.00675364229350689,0.00674880145389425,0.00673708352678046,0.00673708352678046,0.00673667913739653,0.00669688598357965,0.00667388706636648,0.00667144500051715,0.00666253785165622,0.00665550096788122,0.00662161912902113,0.0066063027191232,0.00659025104914094,0.00656812690291755,0.00642850131519199,0.00627887351225053,0.006113323213514,0.00595508400721178,0
1144,0.401992,3.16852,7.54245e-05,0.014330655,0.0143259740858116,0.0143259740858116,0.0143157055907047,0.0142908492668315,0.0142908492668315,0.0142899914672053,0.0142055813569865,0.0141567955496134,0.014151615385999,0.0141327213465734,0.0141177945544478,0.0140459236551028,0.0140134341506621,0.0139793849964123,0.0139324547724394,0.0136362779148946,0.013318884139166,0.0129677152163052,0.0126320547429893,0
725,0.432997,40.4277,2.02258e-05,0.003842902,0.00384164676815634,0.00384164676815634,0.00383889317312645,0.00383222771249501,0.00383222771249501,0.00383199768533302,0.00380936230813777,0.00379627992797262,0.00379489081762742,0.00378982420051209,0.0037858214386486,0.00376654857060209,0.00375783619970251,0.0037487055938115,0.00373612080605645,0.00365669815313426,0.00357158598097361,0.00347741668054738,0.00338740611897663,0
585,0.513462,1.56336,0.000187819,0.03568561,0.03567395377925,0.03567395377925,0.0356483835934023,0.035586487393977,0.035586487393977,0.0355843513364892,0.035374156738034,0.0352526723191117,0.0352397728878939,0.0351927237249444,0.0351555536386962,0.0349765836694674,0.0348956796365002,0.0348108918274719,0.0346940281063155,0.0339565006290739,0.0331661396513603,0.0322916731859175,0.0314558252261998,0
567,0.205117,3.90217,2.82396e-05,0.005365524,0.0053637714243208,0.0053637714243208,0.00535992680891839,0.00535062038138289,0.00535062038138289,0.0053502992136148,0.00531869532166279,0.00530042948382638,0.00529848998474578,0.00529141588924943,0.00528582716623624,0.00525891806575635,0.00524675370789382,0.00523400540334618,0.00521643431234917,0.00510554307692404,0.0049867080396475,0.00485522728851199,0.00472955303807278,0
360,0.331597,0.115349,0.00019178,0.0364382,0.0364262979559287,0.0364262979559287,0.0364001885088447,0.0363369869524218,0.0363369869524218,0.0363348058466496,0.0361201783590593,0.0359961319001765,0.0359829604270084,0.0359349190229414,0.0358969650399009,0.035714220691892,0.0356316104371123,0.0355450344995585,0.0354257061864305,0.0346726246580154,0.0338655953994957,0.0329726869145041,0.0321192113784047,0
694,0.434939,33.7604,9.442e-06,0.00179398,0.00179339402075231,0.00179339402075231,0.00179210856137507,0.00178899692775454,0.00178899692775454,0.00178888954429068,0.00177832268258545,0.00177221544165954,0.00177156696397858,0.00176920171766927,0.00176733311036993,0.00175833596711255,0.00175426877540523,0.00175000633926807,0.00174413138915568,0.00170705455220034,0.00166732167985211,0.0016233606728895,0.00158134108788663,0
467,0.22766,5.06498,4.46494e-05,0.008483386,0.00848061501696445,0.00848061501696445,0.0084745363270769,0.00845982201081167,0.00845982201081167,0.00845931421508707,0.00840934556066837,0.00838046559424204,0.00837739906814927,0.0083662142737664,0.00835737798963684,0.00831483223151821,0.00829559926504747,0.00827544302526116,0.00824766151736579,0.00807233229432472,0.00788444319131423,0.00767656005381406,0.00747785752695247,0
741,0.140997,13.748,3.76566e-05,0.007154754,0.00715241699659622,0.00715241699659622,0.00714729032538408,0.00713488050303768,0.00713488050303768,0.00713445223612966,0.00709230946081839,0.00706795255246733,0.00706536629270875,0.0070559332134701,0.00704848083075155,0.00701259840914746,0.00699637762846055,0.00697937817361598,0.0069559476878712,0.00680807778546785,0.00664961507832229,0.00647428971772195,0.00630670713938907,0
1291,0.35468,25.1039,3.09825e-05,0.005886675,0.00588475219741141,0.00588475219741141,0.00588053415619605,0.00587032379942334,0.00587032379942334,0.00586997143677037,0.00583529787261213,0.00581525788193355,0.00581313000015532,0.00580536880085662,0.00579923724762087,0.0057697144779776,0.00575636860135485,0.0057423820595608,0.00572310429617835,0.00560144224354449,0.00547106481105889,0.00532681339205665,0.00518893245662438,0
1197,0.392421,29.4435,1.19758e-05,0.002275402,0.0022746587707822,0.0022746587707822,0.00227302835303067,0.00226908169957667,0.00226908169957667,0.00226894549931331,0.00225554297628753,0.00224779683183926,0.0022469743324735,0.00224397436247232,0.00224160430662658,0.00223019274252769,0.00222503410299703,0.00221962782438113,0.00221217630695304,0.00216514974647753,0.00211475439245636,0.00205899626629846,0.00200570055076389,0
893,0.955091,10.1723,3.8078e-06,0.000723482,0.00072324568441227,0.00072324568441227,0.000722727280237661,0.000721472410665511,0.000721472410665511,0.000721429104718284,0.000717167666887193,0.000714704719206861,0.0007144431990508,0.000713489334943979,0.000712735757007689,0.000709107360259601,0.000707467130161833,0.000705748161265088,0.000703378892567995,0.000688426427014241,0.000672402827000728,0.000654674091318431,0.000637728298501875,0
569,0.848864,23.9821,6.065e-07,0.000115235,0.000115197360049383,0.000115197360049383,0.000115114789501587,0.000114914915979997,0.000114914915979997,0.000114908018281328,0.000114229263608142,0.000113836969430895,0.000113795314938891,0.000113643385063166,0.000113523356432891,0.000112945431482076,0.000112684178382045,0.000112410383898124,0.000112033010752269,0.000109651407107552,0.000107099194961905,0.000104275391665694,0.000101576294196488,0
528,0.451904,40.0794,3.8134e-06,0.000724546,0.000724309336871094,0.000724309336871094,0.000723790170297363,0.000722533455231856,0.000722533455231856,0.000722490085596067,0.000718222380615479,0.000715755810763025,0.000715493905998299,0.000714538639076467,0.000713783952879123,0.000710150219973203,0.000708507577645658,0.000706786080720702,0.000704413327621932,0.000689438871993305,0.000673391706624449,0.000655636897902649,0.000638666183493631,0
584,0.42978,26.126,7.6845e-06,0.001460055,0.00145957809282685,0.00145957809282685,0.00145853190424558,0.00145599945894194,0.00145599945894194,0.00145591206345072,0.00144731207946705,0.00144234161845295,0.00144181384608064,0.00143988885823231,0.00143836806679069,0.00143104561949548,0.00142773548025858,0.00142426643868942,0.00141948503071032,0.00138930954314589,0.00135697240508616,0.00132119414221768,0.00128699593199161,0
577,0.13829,1.33156,2.29642e-05,0.004363198,0.0043617728205211,0.0043617728205211,0.00435864641232042,0.0043510785054375,0.0043510785054375,0.00435081733456894,0.00432511732126973,0.00431026369893645,0.00430868651495414,0.00430293392129852,0.0042983892197794,0.00427650697055348,0.0042666150192926,0.00425624820760642,0.00424195954743158,0.00415178374789654,0.00405514811697309,0.00394822910022972,0.00384603187994557,0
376,0.263924,24.1441,8.14396e-05,0.015473524,0.0154684697831455,0.0154684697831455,0.0154573823760815,0.0154305437616563,0.0154305437616563,0.015429617552554,0.0153384757403819,0.0152857992673773,0.0152802059859808,0.0152598051478816,0.0152436879448509,0.0151660853449755,0.0151310048042249,0.015094240231673,0.0150435673247493,0.0147237703780317,0.0143810644649951,0.0140018898385778,0.0136394604597598,0
320,0.670142,2.54668,0.000140241,0.02664579,0.0266370865139086,0.0266370865139086,0.0266179937254609,0.0265717769694159,0.0265717769694159,0.0265701820144957,0.0264132335658193,0.0263225233799804,0.026312891611451,0.0262777608650345,0.0262500066438666,0.0261163730527251,0.0260559634962513,0.025992653995477,0.0259053939998498,0.025354695769448,0.0247645477339695,0.0241115996745071,0.0234874873444512,0
584,0.268684,5.10511,0.000159033,0.03021627,0.0302064002650183,0.0302064002650183,0.0301847490829445,0.0301323393784779,0.0301323393784779,0.0301305307029421,0.0299525514911684,0.0298496863305911,0.0298387639252707,0.0297989257324822,0.0297674525038615,0.0296159122916553,0.0295474079812561,0.0294756151400995,0.0293766624879894,0.0287521718491926,0.0280829452141412,0.0273425034835454,0.0266347614096456,0
321,0.520247,32.9441,3.87129e-05,0.007355451,0.00735304844164184,0.00735304844164184,0.00734777796289526,0.00733502003436443,0.00733502003436443,0.0073345797542015,0.00729125483781638,0.00726621469724862,0.00726355589068064,0.00725385820546057,0.00724619677700063,0.00720930782262564,0.00719263203509691,0.00717515573093105,0.00715106799992004,0.00699905021964378,0.00683614249734663,0.00665589910966997,0.00648361569595914,0
317,0.121477,4.05822,1.31909e-05,0.002506271,0.00250545236055303,0.00250545236055303,0.00250365651580623,0.00249930942324904,0.00249930942324904,0.00249915940370513,0.00248439702115192,0.00247586493003461,0.00247495897745659,0.00247165462164834,0.00246904409294415,0.00245647467788444,0.00245079262756755,0.00244483781197323,0.00243663024160281,0.00238483222755979,0.00232932361223906,0.00226790810209893,0.00220920484602878,0
562,0.194485,11.4038,5.273e-07,0.000100187,0.000100154275274592,0.000100154275274592,0.000100082487228667,9.99087142559809e-05,9.99087142559809e-05,9.99027172955384e-05,9.93125980223795e-05,9.89715317080146e-05,9.89353166814137e-05,9.88032266179841e-05,9.869887196548e-05,9.81964155325615e-05,9.79692782536726e-05,9.77312373115923e-05,9.74031435608761e-05,9.53325424036475e-05,9.31136117121392e-05,9.06585556889041e-05,8.83119207416457e-05,0
813,0.209406,14.0881,1.25996e-05,0.002393924,0.00239314205717759,0.00239314205717759,0.00239142671360955,0.00238727448537769,0.00238727448537769,0.0023871311906635,0.00237303055194912,0.00236488092339902,0.00236401558137519,0.00236085934780192,0.00235836583959086,0.002346359865625,0.00234093252092732,0.00233524463802605,0.00232740498313979,0.00227792888539541,0.00222490851911297,0.0021662460425904,0.00211017423966706,0
354,0.401885,32.7499,9.40844e-05,0.017876036,0.0178701970351693,0.0178701970351693,0.0178573881308872,0.0178263823924624,0.0178263823924624,0.0178253123745882,0.0177200193388522,0.0176591640011939,0.0176527022734322,0.0176291338790386,0.0176105142225469,0.0175208625782889,0.0174803352227002,0.0174378623624479,0.0173793216765388,0.0170098711407581,0.0166139546553567,0.0161759071057408,0.015757204771146,0
372,0.929344,9.23035,3.15846e-05,0.006001074,0.00599911383052886,0.00599911383052886,0.00599481381779359,0.00598440503752978,0.00598440503752978,0.00598404582721916,0.00594869843257662,0.00592826899371318,0.00592609975963546,0.00591818773267283,0.00591193702158335,0.0058818405196847,0.00586823528528532,0.00585397693531522,0.00583432453653109,0.00571029815816849,0.00557738702917359,0.00543033229283474,0.00528977184118449,0
