"Population","shapeRisk","v_to_h","aImp","aImp_2000","aImp_2001","aImp_2002","aImp_2003","aImp_2004","aImp_2005","aImp_2006","aImp_2007","aImp_2008","aImp_2009","aImp_2010","aImp_2011","aImp_2012","aImp_2013","aImp_2014","aImp_2015","aImp_2016","aImp_2017","aImp_2018","aImp_2019","aImp_2020"
1338,0.90112,11.0437,0.000234765,0.04460535,0.0445907802670956,0.0445907802670956,0.0445588187260346,0.0444814513603363,0.0444814513603363,0.0444787813879899,0.044216047932342,0.0440641980683331,0.0440480743802619,0.0439892651184735,0.0439428042423211,0.0437191001185318,0.0436179738464317,0.0435119930351905,0.0433659188281226,0.0424440438410626,0.0414561294397883,0.040363087097109,0.0393183160874501,0
1532,0.374987,1.16708,5.95309e-05,0.011310871,0.0113071764573188,0.0113071764573188,0.0112990717598351,0.0112794532097504,0.0112794532097504,0.0112787761673601,0.0112121531227204,0.0111736475572855,0.011169558968006,0.0111546463179832,0.0111428649290533,0.0110861388079411,0.0110604955562138,0.0110336213071737,0.0109965803129303,0.0107628144293141,0.0105123024985287,0.0102351325864983,0.00997020315281403,0
952,0.762515,1.60565,0.000244046,0.04636874,0.0463535942796567,0.0463535942796567,0.0463203691981932,0.0462399432568085,0.0462399432568085,0.0462371677320443,0.0459640475952392,0.0458061946277529,0.0457894335194999,0.0457282993423337,0.0456800017213873,0.0454474538688783,0.045342329756677,0.0452321591901097,0.0450803102094776,0.0441219906001149,0.0430950208304584,0.0419587670807022,0.0408726929818238,0
1143,0.0888688,3.24317,0.000133691,0.02540129,0.0253929930129631,0.0253929930129631,0.025374791959203,0.0253307337712807,0.0253307337712807,0.0253292133092316,0.0251795951871988,0.0250931216491109,0.0250839397353591,0.0250504497814999,0.0250239918299583,0.0248965996377085,0.0248390115285639,0.0247786589179292,0.0246954744278344,0.0241704967314357,0.0236079117455104,0.022985459830467,0.0223904968630217,0
970,0.373091,40.6352,2.67037e-05,0.005073703,0.00507204574369451,0.00507204574369451,0.00506841022986565,0.00505960996183849,0.00505960996183849,0.00505930626179569,0.00502942124750657,0.00501214885505653,0.00501031484177028,0.00500362549334091,0.00499834073071229,0.00497289516680611,0.00496139240603565,0.00494933745836823,0.00493272202675245,0.00482786196204112,0.00471549014427736,0.00459116038981564,0.00447232133113727,0
1032,0.754051,22.499,4.08468e-05,0.007760892,0.00775835700983537,0.00775835700983537,0.00775279601618039,0.00773933485581491,0.00773933485581491,0.00773887030689816,0.00769315727081459,0.00766673688862304,0.00766393152554972,0.00765369929265973,0.0076456155573669,0.00760669324099267,0.00758909826469204,0.00757065864634771,0.00754524317163359,0.00738484599479103,0.00721295860967838,0.00702277999718097,0.00684100012165722,0
352,0.0158492,5.95126,0.000217063,0.04124197,0.0412284988695784,0.0412284988695784,0.0411989473266,0.0411274136972236,0.0411274136972236,0.0411249450489692,0.0408820225005344,0.0407416225813328,0.0407267146687231,0.040672339805385,0.0406293822215873,0.0404225460738563,0.0403290450323856,0.0402310554988928,0.0400959957344101,0.0392436329447429,0.038330210314948,0.0373195867124987,0.0363535946367226,0
360,0.344397,1.45325,0.000157498,0.02992462,0.0299148455285372,0.0299148455285372,0.0298934033255085,0.0298414994839531,0.0298414994839531,0.0298397082659069,0.0296634469245756,0.0295615746272499,0.0295507576459118,0.0295113039747378,0.0294801345283883,0.0293300569951591,0.0292622138941721,0.0291911140036055,0.0290931164508835,0.0284746534486814,0.0278118862458534,0.0270785913216215,0.0263776804342267,0
829,0.323453,1.99781,7.08744e-05,0.013466136,0.0134617374692234,0.0134617374692234,0.0134520884370177,0.0134287316094521,0.0134287316094521,0.0134279255579194,0.0133486076185802,0.0133027648907387,0.0132978972285325,0.0132801430013534,0.013266116691125,0.0131985815153062,0.0131680519906355,0.0131360569044504,0.0130919578190612,0.0128136482900305,0.0125154017863282,0.0121854176736538,0.0118700064392408,0
787,0.438896,43.1924,1.84532e-05,0.003506108,0.00350496277735084,0.00350496277735084,0.00350245050887169,0.00349636921279815,0.00349636921279815,0.00349615934534047,0.00347550774478774,0.0034635719114628,0.00346230454349604,0.00345768196743217,0.00345403000977318,0.00343644622625728,0.0034284974122334,0.00342016701755789,0.00340868516737637,0.00333622315851126,0.00325857026293656,0.00317265401069313,0.00309053202319313,0
759,0.0346781,0.21626,9.59307e-05,0.018226833,0.0182208794520847,0.0182208794520847,0.0182078191875348,0.0181762049965413,0.0181762049965413,0.0181751139807759,0.0180677546882334,0.0180057051333625,0.0179991166014976,0.017975085704005,0.0179561006578018,0.0178646897013645,0.0178233670422333,0.0177800607001084,0.0177203712194108,0.0173436706344805,0.0169399847355845,0.0164933409979624,0.0160664221033389,0
757,0.950914,58.8079,1.37737e-05,0.002617003,0.00261614819144632,0.00261614819144632,0.00261427300273372,0.00260973384704647,0.00260973384704647,0.00260957719934299,0.00259416258558856,0.00258525352984389,0.00258430755049267,0.00258085720172222,0.00257813133470687,0.00256500657807859,0.0025590734835627,0.00255285557246099,0.00254428537543038,0.00249019882288094,0.00243223772736486,0.00236810875875642,0.00230681187695658,0
777,0.151549,6.30235,5.23376e-05,0.009944144,0.00994089588016588,0.00994089588016588,0.00993377049796907,0.00991652251705637,0.00991652251705637,0.00991592728376061,0.00985735450456304,0.00982350168390174,0.00981990713132023,0.00980679642222911,0.00979643861441401,0.00974656688332447,0.00972402218382215,0.00970039523216232,0.00966783001409389,0.00946231077433178,0.00924206896329463,0.00899839033609631,0.00876547313295649,0
706,0.157844,23.514,3.79217e-05,0.007205123,0.00720276954424518,0.00720276954424518,0.00719760678160316,0.00718510959491946,0.00718510959491946,0.00718467831304043,0.00714223885534851,0.00711771047595642,0.00711510600909836,0.00710560652159911,0.00709810167459386,0.00706196664308959,0.00704563166916802,0.00702851253927368,0.00700491710444239,0.00685600620760175,0.00669642793336664,0.00651986829369982,0.00635110594498097,0
960,0.5604,22.0763,2.69433e-05,0.005119227,0.00511755487389703,0.00511755487389703,0.00511388674027716,0.00510500751149852,0.00510500751149852,0.00510470108649513,0.00507454792773825,0.00505712055806666,0.00505527008902396,0.00504852072015235,0.00504318853978289,0.00501751466455237,0.00500590869480785,0.00499374558364769,0.00497698106941732,0.00487118014364536,0.00475780006532084,0.00463235475724037,0.00451244941042743,0
846,0.686557,1.83687,0.00015757,0.0299383,0.0299285210601506,0.0299285210601506,0.0299070690548475,0.0298551414855204,0.0298551414855204,0.0298533494486213,0.0296770075296536,0.0295750886615434,0.0295642667352368,0.0295247950278698,0.0294936113324496,0.0293434651914768,0.0292755910761069,0.0292044586823205,0.0291064163301484,0.0284876705984122,0.0278246004124441,0.0270909702634186,0.0263897389555492,0
1642,0.517596,8.07514,1.36349e-05,0.002590631,0.00258978480550262,0.00258978480550262,0.00258792851339684,0.00258343509958064,0.00258343509958064,0.00258328003044365,0.00256802075246604,0.0025592014748447,0.00255826502829396,0.00255484944929557,0.00255215105132206,0.00253915855517717,0.00253328524949934,0.00252712999738257,0.00251864616373637,0.00246510465089986,0.00240772763954835,0.0023442449098476,0.00228356572751805,0
800,0.480689,4.93007,0.000118406,0.02249714,0.0224897916141917,0.0224897916141917,0.0224736715016074,0.022434650521892,0.022434650521892,0.0224333038954969,0.022300791734189,0.0222242047855475,0.0222160726474103,0.0221864116270226,0.0221629786344484,0.0220501512944215,0.0219991472803041,0.0219456948323846,0.0218720208922228,0.0214070643198299,0.0209088001296938,0.020357513644795,0.0198305732739149,0
3777,0.264726,19.9625,1.08019e-05,0.002052361,0.00205169062410129,0.00205169062410129,0.00205022002426577,0.00204666023235668,0.00204666023235668,0.00204653738280803,0.00203444861099553,0.00202746176437854,0.00202671988860414,0.00202401398369961,0.00202187624707741,0.00201158327506387,0.00200693029920035,0.00200205395849818,0.00199533285877153,0.00195291596774125,0.00190746050133388,0.00185716793608188,0.00180909640936693,0
3978,0.142919,7.00765,5.17167e-05,0.009826173,0.00982296341379381,0.00982296341379381,0.00981592256259968,0.00979887920076291,0.00979887920076291,0.00979829102893641,0.00974041311993931,0.00970696190761213,0.00970340999851634,0.00969045482653954,0.00968021989716886,0.00963093981257884,0.00960866256905312,0.00958531591252119,0.00955313702748864,0.00935005593727806,0.00913242693501459,0.0088916391560712,0.00866148513449548,0
1393,0.361221,21.5409,3.97112e-05,0.007545128,0.00754266348622106,0.00754266348622106,0.00753725709621666,0.00752417017553975,0.00752417017553975,0.00752371854175343,0.00747927639405712,0.0074535905366268,0.00745086316669629,0.00744091540465028,0.007433056408867,0.00739521618907009,0.00737811037850795,0.00736018340817012,0.00733547452033882,0.00717953661653656,0.00701242794883957,0.00682753657628145,0.00665081044368603,0
820,0.632408,34.7536,2.04559e-05,0.003886621,0.00388535148793764,0.00388535148793764,0.00388256656647239,0.00387582527583713,0.00387582527583713,0.00387559263175764,0.0038526997418661,0.00383946852923568,0.00383806361559516,0.00383293935781305,0.00382889105829445,0.0038093989313342,0.00380058744363607,0.00379135296287161,0.00377862500354054,0.00369829879414901,0.00361221833836971,0.00351697771537389,0.00342594314337006,0
1377,0.368768,28.95,2.7001e-06,0.000513019,0.00051285142929817,0.00051285142929817,0.000512483830392801,0.000511594005997675,0.000511594005997675,0.000511563297875371,0.000508541524597434,0.000506795055499356,0.0005066096123108,0.000505933230023173,0.000505398870081533,0.000502825984410145,0.000501662901977511,0.00050044398608957,0.000498763944488378,0.000488161194280464,0.000476798905715811,0.000464227510365276,0.000452211297543178,0
789,0.39424,24.7316,2.5452e-05,0.00483588,0.00483430042535351,0.00483430042535351,0.00483083532134276,0.00482244755403608,0.00482244755403608,0.00482215808952407,0.00479367389506088,0.00477721112276197,0.00477546307638032,0.00476908728215614,0.00476405023566356,0.00473979739832117,0.00472883381398156,0.00471734392576265,0.00470150732014302,0.0046015624298457,0.00449445788981105,0.00437595592526832,0.00426268728753341,0
801,0.507641,4.85161,8.3321e-06,0.001583099,0.00158258190217225,0.00158258190217225,0.00158144754757819,0.00157870168414993,0.00157870168414993,0.00157860692353149,0.00156928218847386,0.0015638928491264,0.00156332059950921,0.00156123338612499,0.00155958443220856,0.0015516448963756,0.00154805579999512,0.00154429441002071,0.0015391100558763,0.00150639157322479,0.00147132927014359,0.00143253584649254,0.00139545563210974,0
829,0.346368,30.8331,5.2943e-05,0.01005917,0.0100558843084823,0.0100558843084823,0.0100486765054946,0.010031229013568,0.010031229013568,0.0100306268950838,0.00997137659226027,0.00993713218891981,0.00993349605739443,0.00992023369398053,0.00990975607522929,0.0098593074673628,0.00983650198859129,0.00981260173902452,0.00977965983224628,0.00957176330831844,0.00934897391404473,0.00910247660504011,0.00886686519974388,0
2497,0.254055,9.66787,3.0223e-05,0.00574237,0.00574049433268345,0.00574049433268345,0.00573637969184906,0.00572641963011286,0.00572641963011286,0.00572607590522105,0.00569225232321331,0.00567270358962891,0.00567062787040084,0.00566305692788798,0.00565707568255775,0.00562827662932032,0.00561525791136118,0.00560161423339324,0.00558280904198816,0.00546412939325894,0.00533694801209176,0.00519623274907216,0.00506173180461741,0
870,0.318626,23.8564,5.76494e-05,0.010953386,0.0109498082249479,0.0109498082249479,0.0109419596799551,0.010922961182683,0.010922961182683,0.0109223055385121,0.01085778814419,0.0108204995639067,0.0108165401962706,0.0108020988670412,0.0107906898340352,0.0107357565666658,0.0107109237810682,0.0106848989043636,0.0106490286068621,0.0104226509957232,0.0101800566035232,0.009911646767176,0.00965509054353011,0
931,0.499388,0.506142,0.000126258,0.02398902,0.0239811843118138,0.0239811843118138,0.0239639952067458,0.0239223865817023,0.0239223865817023,0.0239209506548456,0.0237796510546361,0.0236979853032249,0.0236893138887956,0.0236576859213606,0.023632698988465,0.0235123895928507,0.0234580032879807,0.0234010061833625,0.0233224466142786,0.0228266568154746,0.0222953506306681,0.0217075060196656,0.0211456220159278,0
374,0.337408,24.1971,2.7584e-05,0.00524096,0.0052392481114628,0.0052392481114628,0.00523549275121478,0.00522640237822298,0.00522640237822298,0.00522608866656577,0.00519521847875842,0.00517737669378698,0.00517548222139221,0.0051685723554532,0.00516311337814489,0.00513682898928537,0.00512494703460896,0.00511249468993545,0.00509533152282042,0.00498701469687505,0.00487093848941333,0.00474251014625968,0.00461975350225214,0
740,0.77098,20.8007,3.2741e-05,0.00622079,0.00621875806327594,0.00621875806327594,0.00621430061512192,0.00620351074047993,0.00620351074047993,0.00620313837848136,0.00616649681746772,0.00614531940006089,0.00614307074429388,0.00613486903603152,0.00612838946903429,0.00609719105054352,0.00608308769069504,0.00606830730289938,0.00604793537516906,0.0059193680463452,0.00578159067147193,0.00562915185247565,0.00548344509198222,0
772,0.3331,1.97898,2.72363e-05,0.005174897,0.0051732066900462,0.0051732066900462,0.00516949866661511,0.00516052287898762,0.00516052287898762,0.0051602131217077,0.00512973205673608,0.00511211516984449,0.005110244577527,0.00510342181137,0.00509803164519894,0.00507207857456762,0.00506034639351508,0.00504805101230746,0.00503110418920366,0.00492415271129995,0.00480953965991909,0.00468273017316461,0.00456152089303183,0
2703,0.635627,25.2964,6.32904e-05,0.012025176,0.0120212481392737,0.0120212481392737,0.0120126316133079,0.0119917741110312,0.0119917741110312,0.0119910543120075,0.0119202238837011,0.0118792866118205,0.0118749398196346,0.0118590854047845,0.0118465599966699,0.0117862515031709,0.0117589888268277,0.0117304174131341,0.0116910372031581,0.0114425085183839,0.0111761762387748,0.0108815024710279,0.010599842193262,0
2004,0.0976728,8.13128,8.26879e-05,0.015710701,0.0157055693124937,0.0157055693124937,0.0156943119584967,0.0156670619638292,0.0156670619638292,0.0156661215578641,0.0155735827309211,0.0155200988369413,0.0155144198221526,0.0154937062815574,0.0154773420352634,0.0153985499486344,0.015362931696021,0.0153256035988948,0.0152741539815046,0.0149494552114898,0.0146014963282613,0.0142165097419847,0.0138485250731901,0
703,0.902452,27.2055,0.000100379,0.01907201,0.0190657803864749,0.0190657803864749,0.0190521145183508,0.0190190343794825,0.0190190343794825,0.0190178927733906,0.0189055552377934,0.0188406284493055,0.0188337344076685,0.0188085891991023,0.0187887238176046,0.0186930741413673,0.0186498353533575,0.0186045208991093,0.0185420636212729,0.0181478954559752,0.0177254906695483,0.0172581360923507,0.0168114209977729,0
2086,0.259432,14.0741,0.000166542,0.03164298,0.0316326442495374,0.0316326442495374,0.0316099707719262,0.0315550864585996,0.0315550864585996,0.0315531923835266,0.0313668095957579,0.0312590874904536,0.0312476493661217,0.0312059301487053,0.0311729708607528,0.0310142754326263,0.0309425365805484,0.030867353924421,0.0307637290629915,0.0301097520898697,0.0294089268381625,0.0286335239551327,0.0278923646959135,0
5308,0.936316,16.065,2.0568e-05,0.00390792,0.00390664353090802,0.00390664353090802,0.00390384334784606,0.00389706511438842,0.00389706511438842,0.00389683119540041,0.00387381285060554,0.00386050912985102,0.00385909651716919,0.0038539441780366,0.00384987369350653,0.00383027474810113,0.00382141497273191,0.00381212988625987,0.00379933217667381,0.00371856577310492,0.00363201358940884,0.00353625104003296,0.00344471759115147,0
719,0.262839,24.3791,8.77744e-05,0.016677136,0.016671688639602,0.016671688639602,0.0166597387957594,0.0166308125328848,0.0166308125328848,0.0166298142783719,0.0165315829771583,0.0164748090513028,0.0164687806950902,0.0164467929726106,0.0164294220888428,0.016345783150998,0.0163079738614625,0.0162683495472836,0.0162137350354063,0.0158690626018485,0.0154996992221999,0.0150910304010244,0.0147004093607918,0
903,0.848689,66.1415,1.11009e-05,0.002109171,0.00210848206788491,0.00210848206788491,0.00210697076138197,0.00210331243330973,0.00210331243330973,0.00210318618324681,0.00209076279041652,0.00208358254568083,0.00208282013455093,0.00208003932934493,0.00207784241949857,0.00206726453477226,0.00206248276306883,0.00205747144371753,0.00205056430182994,0.00200697329787341,0.00196025960981469,0.0019085749304892,0.00185917276874822,0
1024,0.98125,15.8457,1.17973e-05,0.002241487,0.0022407548486572,0.0022407548486572,0.00223914873237769,0.00223526090402443,0.00223526090402443,0.00223512673383398,0.0022219239761984,0.00221429328848656,0.00221348304852198,0.00221052779324928,0.00220819306322465,0.00219695158915662,0.00219186983945013,0.00218654414173345,0.00217920368960881,0.00213287806276987,0.00208323385445026,0.00202830680642653,0.00197580546665165,0
599,0.504375,9.75163,7.52582e-05,0.014299058,0.0142943874065433,0.0142943874065433,0.0142841415519675,0.0142593400326559,0.0142593400326559,0.0142584841243525,0.0141742601260911,0.0141255818842938,0.0141204131421831,0.0141015607613533,0.014086666880623,0.0140149544461078,0.0139825365762764,0.0139485624954358,0.0139017357457484,0.0136062119148913,0.0132895179460545,0.0129391232993489,0.0126042029083234,0
574,0.599716,30.3296,0.000151559,0.02879621,0.0287868041083668,0.0287868041083668,0.0287661704568359,0.0287162238268959,0.0287162238268959,0.0287145001528437,0.0285448853473807,0.0284468544929546,0.0284364454028416,0.0283984794670872,0.0283684853711667,0.0282240670238944,0.0281587821787377,0.0280903633523755,0.0279960611320744,0.0274009193896348,0.0267631440877681,0.0260575005531095,0.0253830199045763,0
653,0.527541,45.0575,2.91378e-05,0.005536182,0.00553437368119855,0.00553437368119855,0.00553040678242264,0.0055208043509348,0.0055208043509348,0.00552047296797637,0.00548786387001041,0.00546901706163813,0.0054670158740749,0.00545971677707092,0.00545395029690075,0.00542618531482016,0.0054136340525315,0.00540048027031617,0.00538235030617883,0.00526793201981605,0.00514531726786643,0.00500965458743059,0.00487998309157202,0
999,0.839349,37.7735,1.2627e-05,0.00239913,0.00239834635670827,0.00239834635670827,0.00239662728283023,0.00239246602486302,0.00239246602486302,0.0023923224185298,0.00237819111554824,0.00237002376422739,0.00236915654036831,0.00236599344302159,0.00236349451224752,0.00235146242922369,0.00234602328183031,0.00234032302964816,0.00233246632608227,0.00228288263404297,0.00222974696584332,0.00217095691766317,0.00211476317694815,0
1884,0.251538,1.36989,9.59524e-05,0.018230956,0.0182250011053627,0.0182250011053627,0.0182119378865161,0.0181803165442359,0.0181803165442359,0.0181792252816773,0.0180718417039305,0.0180097781131426,0.0180031880909192,0.0179791517575184,0.0179601624168036,0.0178687307827547,0.0178273987762331,0.0177840826379989,0.0177243796552448,0.0173475938587744,0.0169438166441264,0.0164970718734762,0.0160700564076819,0
1728,0.244086,4.86801,0.00013754,0.0261326,0.0261240641404653,0.0261240641404653,0.0261053390734513,0.0260600124383986,0.0260600124383986,0.0260584482018364,0.0259045225336584,0.0258155593990524,0.0258061131355237,0.0257716589968472,0.0257444393137343,0.025613379465861,0.0255541333794996,0.0254920432009035,0.0254064638068706,0.0248663718607959,0.0242875899011713,0.0236472174273694,0.0230351253153915,0
694,0.0253604,1.73813,0.000215382,0.04092258,0.0409092131939922,0.0409092131939922,0.0408798905068932,0.0408089108550762,0.0408089108550762,0.0408064613247632,0.0405654200403113,0.0404261074195631,0.040411314958233,0.0403573611899007,0.0403147362823232,0.0401095019348268,0.0400167249930448,0.0399194943194488,0.0397854804976837,0.0389397186572775,0.0380333698421847,0.0370305728074863,0.0360720616597329,0
1366,0.462119,21.356,2.66648e-05,0.005066312,0.00506465715786446,0.00506465715786446,0.00506102693998666,0.00505223949154728,0.00505223949154728,0.00505193623391252,0.00502209475392973,0.00500484752263961,0.00500301618100997,0.00499633657713488,0.00499105951296251,0.00496565101629556,0.00495416501190694,0.00494212762500691,0.00492553639753849,0.00482082908531155,0.00470862096260544,0.00458447232265027,0.00446580638003382,0
1527,0.202016,22.0135,2.91596e-05,0.005540324,0.0055385143282704,0.0055385143282704,0.00553454446158362,0.00552493484585378,0.00552493484585378,0.00552460321496488,0.00549196971988124,0.00547310881091034,0.00547110612612052,0.00546380156815811,0.00545803077368597,0.00543024501870526,0.00541768436595068,0.00540452074248266,0.00538637721406736,0.00527187332348455,0.00514916683497306,0.00501340265591915,0.00488363414386136,0
614,0.599542,44.0558,5.0917e-06,0.000967423,0.000967107004391501,0.000967107004391501,0.000966413806603839,0.000964735824724403,0.000964735824724403,0.000964677917037157,0.000958979623270529,0.000955686227949361,0.000955336529388875,0.000954061044890556,0.000953053378317152,0.00094820157209775,0.000946008295247914,0.000943709730740441,0.000940541600737555,0.00092054751783928,0.000899121139303431,0.000875414693725001,0.00085275518080834,0
628,0.210428,7.20388,5.56026e-05,0.010564494,0.0105610432512479,0.0105610432512479,0.0105534733631342,0.0105351493936841,0.0105351493936841,0.0105345170276824,0.0104722902765013,0.0104363256001291,0.0104325068069599,0.010418578206617,0.0104075742430264,0.0103545913413442,0.0103306402257304,0.0103055393433369,0.0102709425946481,0.0100526023558753,0.00981862110105328,0.00955974096064452,0.00931229357904311,0
702,0.200677,18.8897,0.000200521,0.03809899,0.038086545481389,0.038086545481389,0.0380592460109607,0.0379931638371393,0.0379931638371393,0.0379908833203464,0.0377664734838718,0.0376367732023948,0.037623001396309,0.0375727703483118,0.0375330864885075,0.0373420129698554,0.037255637482846,0.0371651155641149,0.0370403484732987,0.0362529427940865,0.0354091305407356,0.0344755248346193,0.033583149362859,0
784,0.527225,1.76939,9.41889e-05,0.017895891,0.0178900455498027,0.0178900455498027,0.0178772224186084,0.0178461822419593,0.0178461822419593,0.0178451110356111,0.017739701050389,0.0176787781204116,0.0176723092155775,0.0176487146436538,0.0176300743062192,0.0175403230854445,0.0174997507159252,0.0174572306808607,0.0173986249735274,0.0170287640872424,0.0166324078554779,0.0161938737643213,0.01577470637501,0
1427,0.189884,11.163,0.000124494,0.02365386,0.0236461337872843,0.0236461337872843,0.0236291848379399,0.0235881575433038,0.0235881575433038,0.0235867416783439,0.0234474162302259,0.0233668914630335,0.0233583412003336,0.023327155119627,0.0233025172889635,0.023183888783066,0.023130262330576,0.0230740615548442,0.0229965995722885,0.0225077366470694,0.021983853549196,0.0214042219456371,0.0208501882435244,0
3166,0.230244,14.5065,1.9574e-06,0.000371906,0.000371784521946683,0.000371784521946683,0.000371518036224906,0.000370872970386226,0.000370872970386226,0.000370850708959391,0.000368660116383474,0.000367394037863205,0.000367259603398822,0.000366769269452005,0.000366381892632715,0.000364516714893677,0.00036367355443531,0.00036278991828885,0.000361571995460002,0.000353885678932106,0.00034564874561984,0.000336535287133436,0.000327824300511469,0
2493,0.268434,29.9233,8.4409e-06,0.001603771,0.00160324714994368,0.00160324714994368,0.00160209798302381,0.00159931626429605,0.00159931626429605,0.00159922026629985,0.00158977376948057,0.00158431405650328,0.00158373433448918,0.00158161986641332,0.00157994938056784,0.0015719061708113,0.00156827020825228,0.00156445970230119,0.00155920765120994,0.00152606193281803,0.00149054178854731,0.00145124180298591,0.00141367739766387,0
730,0.438411,24.806,3.70676e-05,0.007042844,0.00704054355048066,0.00704054355048066,0.00703549706731906,0.00702328135132751,0.00702328135132751,0.00702285978309141,0.00698137617761114,0.00695740024414944,0.00695485443698079,0.00694556890382095,0.00693823308641689,0.00690291191427039,0.00688694484846546,0.00687021128801665,0.00684714728666249,0.00670159026891987,0.00654560613218451,0.00637302309663194,0.00620806173579182,0
749,0.0472406,5.97555,8.75724e-05,0.016638756,0.0166333211759087,0.0166333211759087,0.0166213988328916,0.0165925391395988,0.0165925391395988,0.0165915431824233,0.0164935379462451,0.0164368946773126,0.016430880194484,0.0164089430735459,0.0163916121663376,0.0163081657113288,0.0162704434343674,0.0162309103097775,0.0161764214852465,0.0158325422651037,0.0154640289214871,0.0150563005920937,0.0146665785093034,0
795,0.116895,14.6595,5.4754e-05,0.01040326,0.0103998619161483,0.0103998619161483,0.0103924075587302,0.0103743632474341,0.0103743632474341,0.010373740532524,0.0103124634783185,0.0102770476903862,0.0102732871791658,0.0102595711553975,0.0102487351329374,0.0101965608497437,0.0101729752730923,0.0101482574772595,0.0101141887398676,0.00989918078279788,0.00966877052093016,0.00941384137718615,0.00917017050689943,0
742,0.160632,18.721,4.19452e-05,0.007969588,0.00796698484211607,0.00796698484211607,0.00796127430931896,0.00794745116861363,0.00794745116861363,0.00794697412764047,0.00790003183494845,0.00787290098956764,0.00787002018825191,0.00785951280321765,0.00785121169043515,0.00781124272481775,0.00779317460687645,0.00777423913385587,0.00774814021864149,0.00758342984568458,0.00740692028444533,0.00721162763148534,0.00702495956361176,0
811,0.938794,31.4027,0.000153721,0.02920699,0.0291974499326484,0.0291974499326484,0.0291765219405992,0.0291258628184025,0.0291258628184025,0.0291241145560164,0.028952080183194,0.028852650911602,0.0288420933350722,0.0288035858125225,0.0287731638486735,0.0286266853633243,0.0285604692251713,0.0284910743993462,0.0283954269511121,0.027791795469052,0.0271449222567831,0.0264292126665163,0.0257451105031794,0
663,0.102014,0.206313,0.000163905,0.03114195,0.0311317779041949,0.0311317779041949,0.0311094634348847,0.0310554481511977,0.0310554481511977,0.0310535840666134,0.0308701524347774,0.0307641359844531,0.0307528789695944,0.0307118203277464,0.0306793829120083,0.0305232002424891,0.0304525972921832,0.0303786050664831,0.0302766209849145,0.0296329989809783,0.0289432704867783,0.0281801452118146,0.0274507213524738,0
671,0.352896,25.9303,0.000143544,0.02727336,0.0272644515266755,0.0272644515266755,0.0272449090588883,0.0271976037913152,0.0271976037913152,0.0271959712715167,0.027035326323771,0.026942479703196,0.0269326210842345,0.0268966629274643,0.026868255030178,0.0267314740588015,0.0266696417175141,0.0266048411315289,0.0265155259611272,0.0259518575133495,0.0253478101263177,0.0246794836294482,0.0240406720101248,0
1283,0.19456,24.9417,4.50848e-05,0.008566112,0.00856331399563799,0.00856331399563799,0.00855717602921868,0.00854231822584496,0.00854231822584496,0.0085418054783347,0.00849134955304263,0.00846218796273373,0.00845909153331727,0.00844779767006731,0.00843887521864076,0.00839591457425077,0.00837649405691481,0.00835614126293509,0.00832808884280938,0.00815104989144693,0.00796132858205851,0.00775141826573696,0.00755077808506154,0
1522,0.233932,27.4326,4.20876e-05,0.007996644,0.00799403200464044,0.00799403200464044,0.0079883020851228,0.00797443201615783,0.00797443201615783,0.00797395335567552,0.00792685169832487,0.0078996287462815,0.00789673816491687,0.00788619510830091,0.00787786581402302,0.00783776115753506,0.00781963170003655,0.00780063194287004,0.00777444442429874,0.0076091748751522,0.00743206608059138,0.00723611042748401,0.00704880863911642,0
4414,0.384292,33.1902,0.000118225,0.02246275,0.022455412847219,0.022455412847219,0.0224393173764634,0.0224003560457298,0.0224003560457298,0.02239901147784,0.0222667018797569,0.0221902320048929,0.0221821122978572,0.0221524966184547,0.022129099446461,0.0220164445786783,0.0219655185312734,0.0219121477928371,0.0218385864735152,0.0213743406517566,0.02087683812757,0.0203263943605551,0.0198002594911456,0
779,0.21748,25.937,7.59252e-05,0.014425788,0.0144210760119067,0.0144210760119067,0.0144107393501498,0.0143857180193973,0.0143857180193973,0.0143848545253313,0.0142998840647995,0.0142507743964296,0.0142455598446798,0.0142265403785621,0.014211514496024,0.0141391664869957,0.0141064613033676,0.0140721861163097,0.0140249443494941,0.0137268013436477,0.0134073005726655,0.0130538004407191,0.0127159117100201,0
710,0.294215,27.3391,7.60981e-05,0.014458639,0.0144539162815729,0.0144539162815729,0.0144435560807431,0.0144184777703832,0.0144184777703832,0.0144176123099329,0.0143324483511603,0.0142832268482262,0.0142780004216838,0.0142589376436526,0.0142438775435545,0.0141713647806532,0.0141385851194307,0.0141042318795018,0.0140568825317844,0.0137580605823763,0.0134378322310479,0.0130835270940068,0.0127448689091406,0
1885,0.29502,14.02,0.000195504,0.03714576,0.0371336268410464,0.0371336268410464,0.0371070103985461,0.0370425815890409,0.0370425815890409,0.0370403581303754,0.0368215629883696,0.036695107785025,0.0366816805470948,0.0366327062710457,0.0365940152944039,0.0364077224014373,0.0363235080138555,0.0362352509375413,0.0361136054972985,0.0353459005690929,0.03452320034927,0.0336129532930087,0.0327429048979228,0
1791,0.054909,2.63996,0.000239359,0.04547821,0.0454633551592092,0.0454633551592092,0.0454307681785825,0.0453518868492269,0.0453518868492269,0.0453491646295141,0.0450812898730111,0.0449264685342285,0.0449100293296918,0.0448500692585892,0.0448026992125646,0.0445746175335832,0.0444715123715548,0.0443634576743133,0.0442145250134416,0.0432746103113876,0.0422673639025336,0.0411529323556617,0.0400877167396161,0
833,0.770142,29.2742,9.24246e-05,0.017560674,0.0175549380438916,0.0175549380438916,0.0175423551092635,0.0175118963618876,0.0175118963618876,0.0175108452208481,0.0174074097234577,0.0173476279717439,0.0173412802392433,0.0173181276291988,0.0172998364533675,0.0172117664081752,0.0171719540202624,0.0171302304495145,0.0170727225153737,0.0167097896807134,0.0163208577983117,0.0158905381113686,0.0154792223587679,0
879,0.848188,5.029,0.000124771,0.02370649,0.0236987465964083,0.0236987465964083,0.0236817599355358,0.023640641354889,0.023640641354889,0.02363922233962,0.0234995868914286,0.0234188829560794,0.0234103136689867,0.0233790581990376,0.0233543655490326,0.0232354730938996,0.0231817273221866,0.0231254014993451,0.0230477671633493,0.0225578165147838,0.0220327677734408,0.0214518464856064,0.0208965800547238,0
1447,0.178943,2.36888,0.000208904,0.03969176,0.0396787952246602,0.0396787952246602,0.0396503544699744,0.0395815096585083,0.0395815096585083,0.0395791338022135,0.0393453422667688,0.0392102197229871,0.039195872171466,0.0391435411594981,0.0391021982724761,0.0389031367161279,0.0388131502072923,0.0387188439206161,0.0385888608049332,0.037768536768996,0.0368894480203162,0.0359168119052433,0.0349871296996259,0
693,0.209041,28.5311,6.11427e-05,0.011617113,0.0116133184275209,0.0116133184275209,0.0116049942952327,0.0115848445726136,0.0115848445726136,0.0115841491992906,0.0115157223347297,0.0114761742305398,0.0114719749426449,0.0114566585324017,0.0114445581621918,0.0113862961805097,0.0113599586373617,0.0113323567676304,0.0112943128879188,0.0110542177895382,0.0107969232445132,0.0105122489530058,0.0102401465509771,0
698,0.29666,0.221871,0.000149474,0.02840006,0.0283907835053941,0.0283907835053941,0.0283704337113935,0.0283211741981765,0.0283211741981765,0.0283194742367406,0.0281521928253312,0.0280555105832046,0.0280452446911391,0.0280078010534735,0.027978219586892,0.0278357880055265,0.0277714012852066,0.0277039236979195,0.0276109187950282,0.0270239644286797,0.0263949630135792,0.0256990270302356,0.0250338252246098,0
753,0.977758,80.3794,1.00343e-05,0.001906517,0.00190589426206682,0.00190589426206682,0.00190452816536813,0.00190122133786988,0.00190122133786988,0.00190110721820334,0.00188987749352544,0.00188338714321588,0.00188269798630061,0.00188018436725363,0.0018781985415574,0.00186863700432085,0.001864314676239,0.00185978485597518,0.00185354136816404,0.00181413868811098,0.0017719133586253,0.00172519466214521,0.00168053917371116,0
867,0.159915,16.6377,0.000171645,0.03261255,0.0326018975526404,0.0326018975526404,0.0325785293388291,0.0325219633196811,0.0325219633196811,0.0325200112084064,0.0323279174806587,0.0322168946710073,0.0322051060720297,0.0321621085394347,0.0321281393485963,0.0319645813466462,0.0318906443501833,0.0318131580283487,0.0317063580058915,0.0310323425770417,0.0303100433952781,0.0295108814550008,0.0287470123946516,0
810,0.467476,0.527947,3.06922e-05,0.005831518,0.00582961321369775,0.00582961321369775,0.00582543469470832,0.00581532000699301,0.00581532000699301,0.00581497094590958,0.00578062226630472,0.00576077004644173,0.00575866210250196,0.00575097362413141,0.00574489952235711,0.00571565337532426,0.00570243254697017,0.00568857705635284,0.00566947992186444,0.0055489578190048,0.00541980199770779,0.0052769021864498,0.00514031316856958,0
879,0.46098,20.5332,1.14709e-05,0.002179471,0.0021787591053429,0.0021787591053429,0.00217719742604081,0.00217341716358606,0.00217341716358606,0.00217328670552891,0.00216044923317829,0.0021530296663559,0.00215224184358207,0.00214936835238429,0.00214709821814683,0.00213616776584954,0.00213122661467865,0.00212604826489199,0.00211891090360791,0.00207386698399014,0.0020255962992391,0.00197218893694643,0.00192114016998927,0
3156,0.0139635,1.72222,0.000139028,0.02641532,0.0264066917938098,0.0264066917938098,0.0263877641464577,0.0263419471374559,0.0263419471374559,0.0263403659779331,0.026184775038603,0.0260948494411186,0.0260853009815733,0.0260504740949082,0.0260229599310009,0.025890482189761,0.0258305951394872,0.0257678332276807,0.0256813279783453,0.0251353929552329,0.0245503493440457,0.0239030488911757,0.0232843347560583,0
2007,0.834572,54.2232,4.6887e-06,0.000890853,0.000890562014944013,0.000890562014944013,0.000889923682664615,0.000888378510396392,0.000888378510396392,0.000888325186010982,0.00088307790318136,0.000880045174889755,0.000879723154417114,0.000878548622499037,0.000877620711140804,0.000873152917708176,0.00087113323525127,0.000869016598488266,0.00086609922096317,0.000847687638095927,0.000827957123524952,0.00080612700561078,0.000785260957294432,0
2138,0.226166,25.4763,8.71831e-05,0.016564789,0.0165593783362265,0.0165593783362265,0.0165475089935627,0.0165187775950135,0.0165187775950135,0.0165177860653303,0.0164202165079555,0.0163638250446672,0.0163578372990088,0.0163359976987642,0.0163187438354895,0.0162356683387386,0.0161981137548222,0.0161587563733364,0.0161045097769433,0.0157621592596841,0.0153952841290738,0.0149893683415158,0.0146013787544301,0
2293,0.302517,16.1363,1.9722e-06,0.000374718,0.000374595603445002,0.000374595603445002,0.00037432710281126,0.00037367715959728,0.00037367715959728,0.000373654729850675,0.000371447574093945,0.000370171922690207,0.000370036471760068,0.000369542430373579,0.000369152124578645,0.000367272844136768,0.000366423308499703,0.000365532991135828,0.00036430585953112,0.000356561426376775,0.000348262213196816,0.000339079847391725,0.000330302996561111,0
3189,0.197849,16.3214,1.524e-05,0.0028956,0.00289465419151295,0.00289465419151295,0.00289257937675875,0.00288755699840916,0.00288755699840916,0.00288738367453822,0.00287032807483608,0.00286047059212999,0.0028594239071207,0.00285560624626982,0.00285259019297158,0.00283806822058835,0.00283150350955048,0.00282462366134775,0.00281514111107102,0.00275529669302406,0.00269116526169733,0.00262020934704892,0.00255238701328026,0
859,0.786272,29.8703,0.000177316,0.03369004,0.0336790356051384,0.0336790356051384,0.0336548953260731,0.033596460415349,0.033596460415349,0.0335944438080328,0.0333960034722857,0.0332813125665434,0.0332691344826125,0.0332247163493163,0.0331896248462565,0.0330206630316171,0.0329442832217489,0.0328642368199171,0.0327539082185479,0.0320576239120902,0.0313114605999425,0.0304858950512682,0.0296967884282679,0
776,0.102495,10.8157,2.88585e-05,0.005483115,0.00548132401481472,0.00548132401481472,0.00547739514069503,0.00546788475318836,0.00546788475318836,0.00546755654669694,0.00543526002281214,0.00541659387027449,0.00541461186506842,0.0054073827334631,0.00540167152781302,0.00537417268660426,0.00536174173427577,0.00534871403746745,0.00533075785786372,0.00521743632648523,0.00509599689663336,0.00496163460904274,0.00483320607760816,0
1435,0.806439,10.0866,0.000243751,0.04631269,0.0462975625876294,0.0462975625876294,0.0462643776682626,0.0461840489448314,0.0461840489448314,0.0461812767750897,0.045908486782767,0.0457508246261337,0.0457340837785156,0.0456730234996402,0.0456247842603029,0.0453925175089653,0.0452875204695827,0.0451774830759301,0.0450258176486006,0.0440686564449678,0.043042928064566,0.0419080478052836,0.0408232865402937,0
810,0.257274,26.4447,5.273e-07,0.000100187,0.000100154275274592,0.000100154275274592,0.000100082487228667,9.99087142559809e-05,9.99087142559809e-05,9.99027172955384e-05,9.93125980223795e-05,9.89715317080146e-05,9.89353166814137e-05,9.88032266179841e-05,9.869887196548e-05,9.81964155325615e-05,9.79692782536726e-05,9.77312373115923e-05,9.74031435608761e-05,9.53325424036475e-05,9.31136117121392e-05,9.06585556889041e-05,8.83119207416457e-05,0
705,0.404613,2.7008,0.000162685,0.03091015,0.0309000536185226,0.0309000536185226,0.0308779052433069,0.0308242920135298,0.0308242920135298,0.0308224418039535,0.0306403755154008,0.0305351481811461,0.0305239749560322,0.0304832219274545,0.0304510259543033,0.0302960058048829,0.0302259283760644,0.0301524868993673,0.0300512619195925,0.0294124306105394,0.0287278359973248,0.0279703909202529,0.0272463964078411,0
710,0.564644,27.3246,5.63114e-05,0.010699166,0.0106956712624647,0.0106956712624647,0.010688004876405,0.0106694473202242,0.0106694473202242,0.0106688068930703,0.0106057868998244,0.010569363759952,0.0105654962863147,0.0105513901296718,0.0105402458918963,0.0104865875850944,0.0104623311501116,0.0104369102915759,0.0104018725171893,0.0101807489632254,0.0099437850077128,0.00968160476544691,0.00943100302228543,0
803,0.227342,8.57143,7.7643e-05,0.01475217,0.0147473514036509,0.0147473514036509,0.0147367808759632,0.0147111934401235,0.0147111934401235,0.0147103104095913,0.0146234175009513,0.0145731967312827,0.014567864200825,0.0145484144212026,0.0145330485795861,0.0144590637041431,0.0144256185690307,0.0143905679093191,0.0143422573022892,0.0140373688409755,0.0137106393972418,0.0133491413604278,0.0130036079312414,0
692,0.609153,27.5217,5.70648e-05,0.010842312,0.0108387705057643,0.0108387705057643,0.0108310015497941,0.0108121957088464,0.0108121957088464,0.0108115467133064,0.0107476835646264,0.0107107731132401,0.0107068538960014,0.010692559010639,0.0106812656721709,0.0106268894615637,0.0106023084955247,0.0105765475269079,0.0105410409760529,0.0103169589716588,0.0100768246342327,0.00981113663697359,0.00955718204956925,0
1261,0.373678,18.2624,1.1579e-05,0.00220001,0.00219929139655698,0.00219929139655698,0.00219771500022897,0.00219389911316139,0.00219389911316139,0.00219376742568754,0.00218080897496896,0.00217331948728826,0.00217252424019361,0.00216962366965606,0.00216733214202218,0.00215629868282103,0.00215131096700033,0.00214608381724052,0.0021388791945598,0.002093410787961,0.00204468520768986,0.00199077454261677,0.00193924469991943,0
2712,0.300791,20.0255,7.89625e-05,0.015002875,0.0149979745142612,0.0149979745142612,0.0149872243462804,0.0149612020660684,0.0149612020660684,0.0149603040289189,0.0148719344231787,0.0148208601792037,0.0148154370253293,0.01479565670742,0.0147800297317926,0.0147047875241606,0.0146707740074068,0.014635127681048,0.0145859960618731,0.0142759261891675,0.0139436441585811,0.013576002661834,0.013224597082424,0
3051,0.880875,74.3103,1.114e-07,2.1166e-05,2.11590864130277e-05,2.11590864130277e-05,2.11439201162024e-05,2.11072079804974e-05,2.11072079804974e-05,2.11059410330419e-05,2.09812695234081e-05,2.09092141708189e-05,2.09015632055936e-05,2.08736572069855e-05,2.08516107281518e-05,2.07454593027259e-05,2.06974731603625e-05,2.06471834563083e-05,2.05778687515297e-05,2.01404233335224e-05,1.96716410861603e-05,1.915297383604e-05,1.86572121574423e-05,0
3013,0.13123,4.93293,3.45986e-05,0.006573734,0.00657158677890288,0.00657158677890288,0.00656687643206858,0.00655547438091595,0.00655547438091595,0.00655508089251169,0.00651636042847924,0.0064939814848339,0.00649160524887836,0.00648293820683669,0.00647609101381539,0.00644312251554121,0.00642821898461505,0.00641260001374712,0.00639107226020354,0.00625521050940042,0.00610961616951189,0.00594852855084035,0.00579455494210488,0
712,0.603231,5.82291,0.000137885,0.02619815,0.0261895927294464,0.0261895927294464,0.0261708206932008,0.0261253803625752,0.0261253803625752,0.0261238122023427,0.0259695004329903,0.0258803141467089,0.0258708441885392,0.025836303626438,0.025809015666528,0.0256776270732169,0.0256182323762709,0.0255559864530797,0.025470192395015,0.0249287457032561,0.0243485119494184,0.023706533190147,0.0230929057300622,0
882,0.186675,1.52201,0.000107301,0.02038719,0.0203805308007566,0.0203805308007566,0.0203659225528603,0.020330561252382,0.020330561252382,0.0203293409226789,0.02020925674265,0.0201398526906916,0.0201324832452728,0.0201056040571521,0.0200843687858296,0.019982123237359,0.0199359027610418,0.0198874634833513,0.019820699236157,0.0193993497675968,0.0189478165187261,0.0184482338023423,0.0179707138393691,0
4807,0.169283,5.07139,4.70055e-05,0.008931045,0.00892812779522059,0.00892812779522059,0.00892172833951662,0.00890623756487675,0.00890623756487675,0.00890570297332719,0.00885309752767108,0.00882269359700565,0.00881946525368517,0.00880769024993676,0.0087983876847589,0.00875359683352137,0.0087333489644472,0.00871212910193448,0.00868288159425518,0.00849830043989125,0.00830049663443004,0.00808164373114883,0.00787245588928774,0
2005,0.159816,16.4761,0.00016457,0.0312683,0.0312580866336802,0.0312580866336802,0.0312356816294742,0.0311814471934511,0.0311814471934511,0.0311795755458501,0.0309953996900114,0.0308889531067475,0.0308776504196098,0.0308364251934793,0.030803856171741,0.0306470398334793,0.0305761504308874,0.0305018580018372,0.0303994601475695,0.0297532268222421,0.0290606999420951,0.0282944784936904,0.0275620951952449,0
2120,0.836521,77.0617,3.2628e-06,0.000619932,0.00061972950761604,0.00061972950761604,0.000619285301213152,0.000618210037690905,0.000618210037690905,0.000618172930005467,0.00061452142011648,0.000612410987401688,0.000612186897910329,0.000611369557764382,0.000610723837377144,0.000607614763132262,0.000606209294682501,0.000604736357102718,0.000602706195354497,0.000589893835301766,0.000576163649335042,0.000560972379104411,0.000546451991268427,0
750,0.361269,28.8459,0.000193505,0.03676595,0.0367539409008342,0.0367539409008342,0.036727596607592,0.0366638265733047,0.0366638265733047,0.036661625849181,0.0364450678557189,0.0363199056384589,0.036306615692086,0.0362581421708952,0.0362198468038692,0.0360354587286712,0.0359521054209689,0.0358647507604393,0.0357443491271521,0.0349844938703164,0.0341702056407311,0.0332692657283925,0.0324081134517583,0
687,0.643287,63.4024,1.18491e-05,0.002251329,0.00225059363390132,0.00225059363390132,0.00224898046542993,0.00224507556626312,0.00224507556626312,0.00224494080695347,0.00223168007818505,0.00222401588538107,0.00222320208778634,0.00222023385647479,0.0022178888750354,0.00220659804150744,0.0022014939786755,0.00219614489669787,0.00218877221385772,0.00214224317882621,0.00209238099096967,0.00203721276733054,0.0019844809028254,0
802,0.786205,21.8502,0.000190018,0.03610342,0.0360916273072774,0.0360916273072774,0.0360657577436315,0.0360031368585112,0.0360031368585112,0.03600097579189,0.0357883202181235,0.0356654134498265,0.0356523629910276,0.0356047629726837,0.0355671576960678,0.0353860923320051,0.0353042410680948,0.0352184605565601,0.0351002285855311,0.0343540660771028,0.0335544514893178,0.03266974669997,0.0318241125649271,0
1434,0.560637,17.2755,0.00015031,0.0285589,0.0285495716224614,0.0285495716224614,0.0285291080131632,0.0284795729941523,0.0284795729941523,0.0284778635249239,0.0283096465176254,0.0282124235369461,0.0282021002283013,0.0281644471703948,0.0281347002562702,0.0279914720627713,0.0279267252310061,0.0278588702452218,0.0277653451709374,0.0271751080005543,0.0265425886145489,0.0258427602988795,0.025173838055522,0
4475,0.270916,32.683,4.86821e-05,0.009249599,0.00924657774387483,0.00924657774387483,0.00923995003131936,0.00922390672915055,0.00922390672915055,0.00922335306970061,0.00916887128425049,0.0091373829011241,0.00913403940871657,0.00912184441217403,0.00911221004155261,0.00906582158277587,0.00904485150933646,0.00902287477323472,0.00899258406058207,0.00880141923487315,0.00859656013034617,0.00836990114527365,0.00815325195664114,0
760,0.160029,7.28889,0.000227871,0.04329549,0.0432813481151081,0.0432813481151081,0.0432503251418236,0.0431752297102686,0.0431752297102686,0.0431726381430905,0.0429176199961268,0.0427702292847279,0.042754579077395,0.042697496781086,0.0426524002534532,0.0424352653211081,0.0423371086761666,0.0422342400482265,0.0420924553885082,0.0411976517543364,0.0402387479887291,0.0391778034200384,0.0381637126708127,0
1438,0.217216,1.41202,0.000140754,0.02674326,0.0267345246766544,0.0267345246766544,0.0267153620470014,0.0266689762305828,0.0266689762305828,0.0266673754413355,0.0265098528769998,0.0264188108743218,0.0264091438728915,0.0263738846185999,0.0263460288728033,0.026211906451489,0.0261512759175373,0.0260877348313216,0.0260001556396123,0.0254474429612801,0.0248551361709282,0.0241997996348113,0.0235734043088746,0
2601,0.782812,13.1074,2.20436e-05,0.004188284,0.00418691595380806,0.00418691595380806,0.00418391487857737,0.00417665035762022,0.00417665035762022,0.00417639965669625,0.00415172991800896,0.00413747175490004,0.00413595779783503,0.00413043581694708,0.00412607330562916,0.00410506828263526,0.00409557288471962,0.00408562166281399,0.00407190581338617,0.00398534502508827,0.00389258337025927,0.00378995057497426,0.00369185028647931,0
1845,0.255417,32.7278,1.9605e-06,0.000372495,0.000372373329557817,0.000372373329557817,0.00037210642179367,0.000371460334342595,0.000371460334342595,0.000371438037659592,0.000369243975768775,0.000367975892117509,0.000367841244744759,0.000367350134239632,0.000366962143918687,0.000365094012235135,0.000364249516435284,0.000363364480844636,0.000362144629150574,0.000354446139545517,0.000346196161125828,0.000337068269349699,0.000328343486846191,0
4474,0.321774,16.7919,0.000129204,0.02454876,0.0245407414803306,0.0245407414803306,0.0245231512988673,0.0244805718124972,0.0244805718124972,0.0244791023809079,0.0243345058124095,0.0242509345397351,0.024242060793676,0.0242096948453443,0.0241841248879725,0.0240610082921849,0.0240053529821497,0.023947025954119,0.0238666333408675,0.0233592751919607,0.0228155719470041,0.0222140110548628,0.0216390165133768,0
3433,0.176499,12.3874,3.19005e-05,0.006061095,0.00605911522548286,0.00605911522548286,0.00605477220526853,0.00604425931940625,0.00604425931940625,0.00604389651637839,0.00600819558735619,0.00598756181917603,0.00598537088904881,0.00597737972828941,0.00597106649940223,0.00594066898102879,0.00592692767102462,0.00591252671317741,0.00589267775680585,0.00576741090261248,0.00563317043509027,0.00548464489996944,0.00534267860348733,0
2619,0.96519,17.7095,7.43663e-05,0.014129597,0.0141249817586817,0.0141249817586817,0.0141148573297804,0.0140903497382411,0.0140903497382411,0.0140895039734785,0.0140062781306878,0.0139581767844827,0.0139530692981699,0.0139344403406808,0.0139197229703138,0.0138488604142218,0.013816826735058,0.0137832552878533,0.0137369834913544,0.0134449619726008,0.0131320212074122,0.0127857791578376,0.0124548279754399,0
1257,0.302219,21.1516,8.81151e-05,0.016741869,0.016736400495445,0.016736400495445,0.0167244042677844,0.0166953657264123,0.0166953657264123,0.0166943635971327,0.0165957510070203,0.0165387567108001,0.0165327049552711,0.0165106318865282,0.0164931935769495,0.0164092299910738,0.0163712739432016,0.0163314958255921,0.0162766693252057,0.0159306590311998,0.0155598619521645,0.0151496068658892,0.0147574696137724,0
751,0.63246,8.98597,0.000154802,0.02941238,0.0294027728447892,0.0294027728447892,0.0293816976824808,0.0293306823141558,0.0293306823141558,0.0293289217576028,0.0291556776011007,0.0290555491209256,0.0290449173011876,0.0290061389852402,0.028975503087427,0.0288279945330392,0.0287613127483881,0.0286914299228316,0.028595109860631,0.0279872335087606,0.0273358113412907,0.0266150687232197,0.025926155802481,0
800,0.429421,47.4809,3.03975e-05,0.005775525,0.00577363850305215,0.00577363850305215,0.00576950010531654,0.00575948253668913,0.00575948253668913,0.00575913682721625,0.00572511795635366,0.00570545635329864,0.00570336864938986,0.00569575399415925,0.00568973821462294,0.00566077288289596,0.00564767899813392,0.00563395654500119,0.00561504277715102,0.00549567790198156,0.00536776220750949,0.00522623448995536,0.00509095697087839,0
672,0.562299,15.2319,7.00231e-05,0.013304389,0.0133000433016883,0.0133000433016883,0.0132905101677635,0.0132674338881433,0.0132674338881433,0.0132666375184093,0.013188272297707,0.0131429802047098,0.0131381710098887,0.0131206300356415,0.0131067722008838,0.0130400482163438,0.0130098853936748,0.0129782746129212,0.0129347052188082,0.0126597385738381,0.0123650744249579,0.0120390538798781,0.0117274311725476,0
1329,0.985822,21.7776,1.32366e-05,0.002514954,0.00251413252436878,0.00251413252436878,0.00251233045790058,0.00250796830479939,0.00250796830479939,0.00250781776551133,0.00249300423854168,0.00248444258791259,0.00248353349665314,0.00248021769287239,0.00247759811996638,0.00246498515804723,0.00245928342221233,0.00245330797610207,0.00244507197052511,0.00239309450176393,0.00233739357631121,0.00227576529154513,0.00221685865747936,0
635,0.203066,6.90021,0.00017309,0.0328871,0.0328763578746047,0.0328763578746047,0.0328527929345913,0.0327957507122468,0.0327957507122468,0.0327937821670486,0.032600071290904,0.0324881138314816,0.0324762259897324,0.032432866480764,0.0323986113189929,0.0322336763977453,0.0321591169598487,0.0320809783164489,0.0319732791939163,0.0312935895403895,0.0305652096553275,0.0297593199396784,0.0289890202184173,0
716,0.281077,27.8857,1.20499e-05,0.002289481,0.00228873317206771,0.00228873317206771,0.00228709266614207,0.00228312159285633,0.00228312159285633,0.00228298454985683,0.0022694990990136,0.00226170502546635,0.00226087743690379,0.00225785890465399,0.00225547418413965,0.00224399201123803,0.00223880145273835,0.00223336172289201,0.00222586409936317,0.0021785465630755,0.00212783938890595,0.00207173626056462,0.00201811077895839,0
808,0.918085,24.6836,0.00014622,0.0277818,0.0277727254516419,0.0277727254516419,0.0277528186659885,0.0277046315162327,0.0277046315162327,0.0277029685624002,0.0275393288125021,0.0274447513111054,0.0274347089041462,0.027398080402203,0.0273691429144557,0.0272298120219441,0.0271668269794273,0.0271008183571042,0.0270098381404728,0.0264356615783451,0.0258203533179386,0.0251395676329064,0.0244888470526141,0
1936,0.497659,9.50041,0.000248012,0.04712228,0.0471068881460308,0.0471068881460308,0.0470731231226175,0.0469913901764732,0.0469913901764732,0.04698856954656,0.0467110109249505,0.0465505926834214,0.0465335591898175,0.0464714315190204,0.046422349011763,0.0461860220160471,0.0460791895282569,0.0459672285759959,0.0458129118923194,0.0448390185977877,0.0437953595068293,0.0426406404580248,0.0415369165313428,0
1716,0.7664,53.9476,6.3477e-06,0.001206063,0.00120566905587052,0.00120566905587052,0.00120480486285115,0.00120271296317597,0.00120271296317597,0.00120264077105422,0.00119553684518615,0.00119143104840312,0.00119099508761352,0.00118940497174849,0.00118814873805287,0.00118210010786277,0.00117936580233423,0.00117650023721372,0.00117255060569196,0.00114762446314363,0.00112091271205224,0.0010913584561852,0.0010631093861023,0
1614,0.824813,21.1337,1.27576e-05,0.002423944,0.00242315225155155,0.00242315225155155,0.00242141539743684,0.00241721109992813,0.00241721109992813,0.00241706600828667,0.00240278854642577,0.00239453672087648,0.0023936605273939,0.00239046471439711,0.00238793993739201,0.00237578340754448,0.00237028800350664,0.00236452879409514,0.00235659082930444,0.00230649429730471,0.00225280905135366,0.0021934109426451,0.00213663599479162,0
3051,0.21897,19.0951,4.86919e-05,0.009251461,0.00924843913567778,0.00924843913567778,0.00924181008892383,0.00922576355714166,0.00922576355714166,0.00922520978623673,0.00917071703327499,0.00913922231134739,0.00913587814587469,0.00912368069440588,0.00911404438432762,0.00906764658727467,0.00904667229243315,0.00902469113228204,0.00899439432192646,0.00880319101358651,0.00859829066968768,0.00837158605679604,0.00815489325537671,0
2884,0.437923,8.68764,7.84737e-05,0.014910003,0.014905132849641,0.014905132849641,0.0148944492282121,0.0148685880332061,0.0148685880332061,0.0148676955551581,0.0147798729820383,0.0147291149019443,0.0147237253189119,0.0147040674467129,0.0146885372064432,0.0146137607691591,0.0145799578056045,0.0145445321399937,0.014495704659308,0.0141875542059949,0.013857329094282,0.0134919634014116,0.0131427331210007,0
2683,0.533663,12.3108,7.3504e-05,0.01396576,0.0139611982738168,0.0139611982738168,0.0139511912407661,0.0139269678222485,0.0139269678222485,0.013926131864387,0.0138438710507055,0.0137963274543256,0.0137912791908793,0.0137728662418515,0.0137583195238965,0.0136882786408219,0.0136566164019684,0.0136234342259649,0.0135776989651027,0.0132890635251995,0.0129797514039239,0.0126375241368428,0.0123104104346557,0
2507,0.221957,20.8553,0.000158379,0.03009201,0.0300821808528628,0.0300821808528628,0.0300606187081151,0.0300084245309084,0.0300084245309084,0.0300066232932867,0.0298293759950435,0.0297269338524249,0.0297160563639022,0.0296763819998667,0.0296450382003049,0.0294941211751025,0.0294258985786809,0.0293544009751046,0.0292558552513332,0.0286339327391377,0.0279674582009424,0.0272300614288886,0.0265252298409655,0
735,0.72589,24.9905,1.8686e-06,0.000355034,0.000354918032956765,0.000354918032956765,0.000354663636706784,0.000354047835119905,0.000354047835119905,0.000354026583611688,0.000351935370120649,0.000350726728901187,0.000350598393231348,0.000350130303922559,0.000349760500957132,0.000347979939435131,0.000347175030048952,0.000346331481206982,0.000345168811033288,0.000337831194264092,0.000329967940157981,0.000321267925583702,0.000312952124213615,0
785,0.155288,11.5143,6.59152e-05,0.012523888,0.0125197972417595,0.0125197972417595,0.0125108233684336,0.0124891008570564,0.0124891008570564,0.0124883512062941,0.0124145832754879,0.0123719482397878,0.0123674211760264,0.0123509092417405,0.0123378643758373,0.0122750547489321,0.0122466614260316,0.0122169050894008,0.0121758916905819,0.0119170559435708,0.0116396782452646,0.0113327836714304,0.0110394422872553,0
1466,0.325112,13.6816,0.000226582,0.04305058,0.0430365181116395,0.0430365181116395,0.043005670626296,0.0429309999877653,0.0429309999877653,0.0429284230803294,0.0426748474968838,0.0425282905318896,0.0425127288532298,0.0424559694548759,0.0424111280251894,0.0421952213620308,0.0420976199606934,0.0419953332306755,0.0418543506055574,0.0409646086154054,0.0400111290896263,0.0389561859759212,0.0379478316432459,0
1499,0.634161,39.5686,1.35809e-05,0.002580371,0.00257952815679253,0.00257952815679253,0.00257767921639258,0.00257320359840518,0.00257320359840518,0.00257304914340788,0.00255785029865757,0.00254906594912455,0.00254813321130023,0.00254473115944658,0.0025420434482761,0.00252910240793887,0.00252325236304818,0.0025171214883463,0.0025086712542877,0.00245534178860174,0.00239819201460533,0.00233496070349979,0.00227452183652611,0
691,0.539409,15.3189,0.000121632,0.02311008,0.0231025314056498,0.0231025314056498,0.0230859720967139,0.0230458879810041,0.0230458879810041,0.0230445046654484,0.0229083821783768,0.0228297085998658,0.0228213548996657,0.0227908857576307,0.0227668143275275,0.0226509129794359,0.0225985193486643,0.0225436105759219,0.0224679293715086,0.0219903049452692,0.0214784654272159,0.0209121590092031,0.0203708620209517,0
683,0.442554,19.5994,0.000195685,0.03718015,0.0371680056080191,0.0371680056080191,0.03714136452369,0.0370768760652031,0.0370768760652031,0.0370746505480323,0.0368556528428017,0.0367290805656796,0.0367156408966479,0.0366666212796136,0.0366278944823913,0.0364414291171805,0.0363571367628863,0.0362687979770888,0.0361470399160061,0.0353786242371663,0.0345551623513938,0.0336440725772486,0.0327732186806921,0
1449,0.574932,20.0049,0.000115408,0.02192752,0.0219203576728429,0.0219203576728429,0.0219046457160744,0.0218666127344097,0.0218666127344097,0.0218653002041409,0.0217361432060815,0.0216614954131586,0.0216535691780174,0.0216246591646659,0.0216018194875633,0.0214918488977468,0.021442136288071,0.0213900372381116,0.0213182286972759,0.0208650446685381,0.020379396359709,0.0198420682627442,0.0193284698443995,0
702,0.0927093,3.43826,9.80989e-05,0.018638791,0.0186327028915886,0.0186327028915886,0.0186193474424356,0.0185870187159606,0.0185870187159606,0.0185859030413489,0.0184761172428174,0.0184126652605184,0.0184059278164201,0.0183813537790157,0.0183619396378806,0.0182684626354773,0.0182262060126668,0.0181819208721907,0.0181208823058297,0.0177356676351246,0.0173228577356116,0.0168661190758017,0.0164295510746115,0
731,0.725846,28.5088,2.49779e-05,0.004745801,0.00474425084843775,0.00474425084843775,0.00474085028968125,0.00473261876316037,0.00473261876316037,0.00473233469056747,0.00470438107745723,0.00468822496083751,0.00468650947570014,0.00468025244479679,0.0046753092244767,0.00465150815006783,0.00464074878682422,0.00462947292327939,0.00461393130959455,0.00451584811474316,0.00441073863452426,0.00429444403212948,0.00418328527421345,0
702,0.273675,21.2921,4.46433e-05,0.008482227,0.00847945639553609,0.00847945639553609,0.00847337853611901,0.00845866623012333,0.00845866623012333,0.00845815850377377,0.00840819667607149,0.0083793206552255,0.00837625454808146,0.00836507128176494,0.00835623620484831,0.00831369625933018,0.00829446592046688,0.00827431243442558,0.00824653472203918,0.00807122945247252,0.00788336601886696,0.00767551128235625,0.00747683590222931,0
736,0.121246,7.18054,0.000247544,0.04703336,0.0470179971905434,0.0470179971905434,0.0469842958819139,0.0469027171662858,0.0469027171662858,0.0468999018589167,0.0466228669919437,0.0464627514605135,0.0464457501092051,0.0463837396736626,0.0463347497853646,0.0460988687399818,0.0459922378456801,0.0458804881643482,0.0457264626770975,0.0447544071245373,0.0437127174239898,0.0425601773363438,0.041458536142746,0
681,0.28801,26.8598,2.9031e-06,0.000551589,0.000551408830930527,0.000551408830930527,0.000551013595056976,0.000550056871527666,0.000550056871527666,0.000550023854695008,0.00054677489724781,0.000544897124410274,0.000544697739157618,0.000543970504825848,0.000543395970420984,0.000540629649028218,0.000539379123266143,0.000538068566355554,0.000536262215193589,0.000524862324771533,0.00051264579207569,0.000499129249043158,0.000486209628494352,0
794,0.129015,8.53013,0.000113941,0.02164879,0.0216417187162189,0.0216417187162189,0.0216262064807919,0.0215886569524762,0.0215886569524762,0.0215873611063359,0.021459845877618,0.021386146964428,0.021378321483021,0.0213497789571017,0.0213272296048146,0.0212186568977728,0.0211695762061478,0.0211181394092929,0.0210472436572535,0.0205998202427726,0.0201203452154236,0.0195898473236287,0.0190827774724518,0
696,0.775114,1.49502,0.000206628,0.03925932,0.039246496475324,0.039246496475324,0.0392183655814243,0.0391502708311868,0.0391502708311868,0.0391479208597431,0.0389166764729153,0.038783026083375,0.0387688348478042,0.0387170739799371,0.0386761815218722,0.0384792887325282,0.0383902826227951,0.0382970037990133,0.038168436843726,0.037357050202505,0.0364875390875325,0.0355254998006578,0.034605946442262,0
3272,0.403674,39.4459,5.9386e-06,0.001128334,0.00112796544499467,0.00112796544499467,0.00112715694795403,0.00112519986815962,0.00112519986815962,0.00112513232871474,0.0011184862405001,0.00111464505632698,0.00111423719257395,0.00111274955735551,0.00111157428608799,0.00110591548128517,0.00110335739775699,0.00110067651412597,0.00109698143059097,0.00107366174154808,0.00104867152382649,0.00102102199661317,0.000994593537865233,0
696,0.216192,15.3113,2.40426e-05,0.004568094,0.00456660189402029,0.00456660189402029,0.00456332866953149,0.00455540537335643,0.00455540537335643,0.0045551319378906,0.00452822505065971,0.00451267390146617,0.00451102265284384,0.00450499991709756,0.00450024179616395,0.00447733195540141,0.0044669754776062,0.00445612183991597,0.00444116218353256,0.00434675172386485,0.00424557807879818,0.00413363813959045,0.00402664173264383,0
755,0.355564,2.42536,6.61379e-05,0.012566201,0.0125620964207916,0.0125620964207916,0.0125530922284864,0.012531296325793,0.012531296325793,0.0125305441422731,0.012456526980361,0.0124137478986374,0.0124092055398135,0.0123926378185806,0.0123795488795102,0.0123165270450427,0.012288037792933,0.0122581809220375,0.0122170289560305,0.0119573187108633,0.0116790038688722,0.0113710724261278,0.0110767399636239,0
673,0.143146,18.3927,2.88703e-05,0.005485357,0.00548356528249582,0.00548356528249582,0.00547963480189226,0.00547012052566745,0.00547012052566745,0.00546979218497512,0.00543748245531103,0.00541880867033926,0.00541682585470779,0.00540959376717085,0.00540388022625639,0.00537637014100078,0.00536393410575954,0.00535090108203463,0.00533293756029881,0.00521956969269112,0.00509808060726906,0.00496366338005949,0.00483518233526936,0
684,0.10212,9.84735,7.44414e-05,0.014143866,0.0141392460979063,0.0141392460979063,0.0141291114446882,0.0141045791037648,0.0141045791037648,0.014103732484893,0.0140204225951511,0.0139722726730305,0.0139671600288409,0.0139485122586004,0.0139337800256611,0.013862845907881,0.0138307798789929,0.0137971745291242,0.0137508560043099,0.013458539582945,0.0131452827895089,0.0127986910818509,0.0124674056830972,0
634,0.498287,41.7115,8.10324e-05,0.015396156,0.0153911270543539,0.0153911270543539,0.0153800950845975,0.0153533906639036,0.0153533906639036,0.0153524690858695,0.0152617829849965,0.0152093698956505,0.0152038045807984,0.0151835057473907,0.015167469130771,0.0150902545458008,0.0150553494086154,0.0150187686598291,0.0149683491186845,0.014650151164554,0.0143091587894989,0.0139318800455254,0.0135712628225021,0
684,0.197727,12.3907,8.62852e-05,0.016394188,0.0163888330607305,0.0163888330607305,0.0163770859605974,0.0163486504671348,0.0163486504671348,0.01634766914923,0.016251104462129,0.0161952937753317,0.0161893676975519,0.0161677530236641,0.0161506768581753,0.0160684569571594,0.0160312891484426,0.0159923371091944,0.0159386491992773,0.015599824554916,0.015236727876549,0.0148349926215214,0.0144509989447697,0
662,0.439507,1.40531,0.00017215,0.0327085,0.0326978162118736,0.0326978162118736,0.0326743792459986,0.0326176468028961,0.0326176468028961,0.0326156889482779,0.0324230300579417,0.0323116806059828,0.0322998573235452,0.0322567332870965,0.0322226641548594,0.0320586249458192,0.031984470417921,0.0319067561221138,0.0317996418812911,0.0311236434189037,0.0303992191470601,0.0295977059773276,0.0288315895233725,0
731,0.502302,1.59198,0.000205296,0.03900624,0.0389934991404752,0.0389934991404752,0.0389655495886525,0.038897893802192,0.038897893802192,0.0388955589795275,0.038665805278973,0.0385330164489448,0.0385189166952921,0.0384674894969954,0.0384268606467384,0.03823123710065,0.0381428047569998,0.0380501272427852,0.0379223890773253,0.0371162329324848,0.0362523270056047,0.0352964893774118,0.0343828637977942,0
1256,0.172434,6.73698,2.99878e-05,0.005697682,0.00569582092941286,0.00569582092941286,0.0056917383093416,0.00568185575832639,0.00568185575832639,0.00568151470835416,0.00564795434662529,0.00562855774427006,0.00562649817860591,0.00561898615432351,0.00561305145595756,0.00558447652134904,0.00557155911704055,0.00555802161625748,0.00553936276972281,0.00542160670413826,0.00529541506789548,0.00515579487253502,0.00502234063496363,0
694,0.446474,40.5084,1.2559e-05,0.00238621,0.00238543057685112,0.00238543057685112,0.00238372076067671,0.00237958191227169,0.00237958191227169,0.00237943907929958,0.00236538387741905,0.00235726050961683,0.00235639795600583,0.00235325189284139,0.00235076641952297,0.00233879913270138,0.00233338927666959,0.00232771972197286,0.00231990532899875,0.00227058865929719,0.00221773914184099,0.00215926569485482,0.00210337457347682,0
695,0.250782,19.2797,0.000174547,0.03316393,0.033153097451838,0.033153097451838,0.03312933415191,0.0330718117717404,0.0330718117717404,0.0330698266561433,0.0328744852019956,0.0327615853310048,0.0327495974223226,0.0327058729309488,0.0326713294233996,0.0325050061482306,0.0324298190998365,0.0323510227176683,0.0322424170284852,0.0315570060286923,0.030822494943142,0.0300098215813221,0.0292330377957368,0
1498,0.0566846,8.60257,5.5591e-06,0.001056229,0.00105588399711546,0.00105588399711546,0.00105512716622963,0.00105329515156538,0.00105329515156538,0.00105323192815784,0.00104701055123499,0.00104341483390484,0.00104303303425687,0.00104164046480568,0.00104054029801498,0.00103524311319375,0.00103284850130854,0.00103033893673217,0.00102687998363221,0.00100505051484187,0.0009816572707547,0.000955774657557722,0.000931035081727447,0
774,0.165684,11.3512,0.000219054,0.04162026,0.041606665306278,0.041606665306278,0.0415768427031831,0.0415046529350078,0.0415046529350078,0.0415021616431953,0.0412570108992876,0.041115323168533,0.0411002785138069,0.0410454048996319,0.0410020532894486,0.0407933199470315,0.0406989612717239,0.0406000729339153,0.0404637743401937,0.0396035932935494,0.0386817923383102,0.0376618988391375,0.0366870462471846,0
751,0.225771,19.6057,2.01015e-05,0.003819285,0.00381803748232923,0.00381803748232923,0.003815300809837,0.00380867631256704,0.00380867631256704,0.00380844769906366,0.00378595143020456,0.00377294944932421,0.00377156887591776,0.00376653339628562,0.00376255523385947,0.0037434008094591,0.00373474198144548,0.00372566748875208,0.00371316004226996,0.00363422549047396,0.00354963638503995,0.0034560458129727,0.00336658842174889,0
669,0.508061,4.66688,1.76275e-05,0.003349225,0.00334813102105607,0.00334813102105607,0.00334573116560465,0.00333992198093553,0.00333992198093553,0.00333972150412878,0.00331999397238668,0.00330859221540494,0.00330738155661221,0.00330296582061164,0.00329947727208704,0.00328268028598564,0.00327508714662737,0.0032671295006829,0.00325616141308428,0.00318694176222321,0.00311276349413187,0.0030306916184452,0.00295224423074788,0
697,0.238298,18.4503,5.42238e-05,0.010302522,0.0102991568208504,0.0102991568208504,0.0102917746462921,0.0102739050636705,0.0102739050636705,0.0102732883787025,0.0102126046892583,0.010177531843408,0.0101738077463866,0.0101602245391395,0.0101494934452528,0.0100978243818595,0.0100744671916774,0.0100499887459441,0.0100162499067253,0.00980332393853007,0.00957514481084145,0.00932268422523041,0.00908137289571562,0
1417,0.293064,6.67819,0.000121568,0.02309792,0.023090375377549,0.023090375377549,0.0230738247817459,0.0230337617573887,0.0230337617573887,0.0230323791697023,0.0228963283071964,0.0228176961249382,0.0228093468202657,0.0227788937104022,0.0227548349461397,0.022638994582709,0.0225866285202778,0.0225317486392863,0.0224561072566065,0.0219787341455085,0.0214671639458019,0.0209011555053834,0.0203601433353317,0
676,0.162083,4.51891,0.000164866,0.03132454,0.0313143082636466,0.0313143082636466,0.0312918629612013,0.0312375309776722,0.0312375309776722,0.0312356559636758,0.0310511488442208,0.0309445108032876,0.0309331877868347,0.0308918884119108,0.0308592608106596,0.0307021624183411,0.0306311455121752,0.0305567194587767,0.0304541374289918,0.0298067417711355,0.0291129692936346,0.0283453696988562,0.0276116691162377,0
625,0.855405,19.3813,0.000136111,0.02586109,0.0258526428255262,0.0258526428255262,0.0258341123064311,0.0257892566017368,0.0257892566017368,0.0257877086171307,0.0256353821912082,0.02554734335731,0.025537995237671,0.0255038990673249,0.0254769621886847,0.0253472640139436,0.0252886334769308,0.0252271883969621,0.0251424981475714,0.0246080175973883,0.0240352490114754,0.0234015298186467,0.0227957971630308,0
2183,0.483374,29.7816,1.83446e-05,0.003485474,0.00348433551716722,0.00348433551716722,0.00348183803378534,0.00347579252710083,0.00347579252710083,0.00347558389474632,0.00345505383212847,0.00344318824307006,0.0034419283337642,0.00343733296229143,0.00343370249698074,0.00341622219681136,0.00340832016281495,0.00340003879382939,0.00338862451615181,0.00331658895766727,0.00323939306166226,0.00315398244014919,0.00307234375353156,0
2666,0.248458,15.7043,2.02445e-05,0.003846455,0.00384519860761705,0.00384519860761705,0.00384244246671866,0.00383577084345762,0.00383577084345762,0.00383554060362133,0.00381288429862329,0.00379978982299052,0.0037983994283271,0.00379332812681164,0.00378932166414785,0.00377003097714573,0.00376131055112171,0.00375217150342221,0.00373957508025442,0.00366007899618935,0.00357488813257425,0.00348063176681968,0.00339053798493125,0
722,0.281048,21.8262,0.000154751,0.02940269,0.0293930860098963,0.0293930860098963,0.0293720177908657,0.0293210192297123,0.0293210192297123,0.0293192592531801,0.0291460721725038,0.0290459766799677,0.0290353483629157,0.0289965828226051,0.0289659570178835,0.0288184970606475,0.0287518372445175,0.0286819774420751,0.0285856891128184,0.0279780130277012,0.0273268054732889,0.0266063003061134,0.0259176143498775,0
1149,0.0196143,3.08236,9.74285e-05,0.018511415,0.0185053684972322,0.0185053684972322,0.0184921043181456,0.0184599965235897,0.0184599965235897,0.0184588884734086,0.0183498529422026,0.018286834585652,0.0182801431847053,0.0182557370842979,0.0182364556178433,0.0181436174297633,0.0181016495853176,0.018057667085933,0.0179970456522299,0.0176144635076309,0.0172044747178004,0.0167508573732911,0.0163172728427412,0
1180,0.317109,5.49731,0.000237791,0.04518029,0.0451655324707385,0.0451655324707385,0.0451331589618661,0.0450547943706504,0.0450547943706504,0.0450520899837348,0.0447859700290909,0.0446321628985028,0.0446158313843923,0.0445562641014926,0.0445092043685633,0.0442826168137746,0.044180187076084,0.0440728402267416,0.0439248831983392,0.0429911257172497,0.0419904776078917,0.0408833465120808,0.0398251089419243,0
905,0.154115,2.57061,9.282e-05,0.0176358,0.0176300395050021,0.0176300395050021,0.0176174027395503,0.0175868136871613,0.0175868136871613,0.0175857580492545,0.0174818800463442,0.0174218425434059,0.0174154676547863,0.017392215995982,0.0173738465690041,0.0172853997529535,0.0172454170443882,0.0172035149767912,0.0171457610190034,0.0167812755279851,0.0163906797631723,0.0159585191334043,0.0155454437383644,0
712,0.117171,8.94533,0.000200326,0.03806194,0.0380495075832692,0.0380495075832692,0.0380222346606675,0.0379562167495612,0.0379562167495612,0.037953938450495,0.0377297468451189,0.0376001726928499,0.0375864142793872,0.0375362320794126,0.0374965868108415,0.0373056991048282,0.0372194076151057,0.0371289737259284,0.0370043279669563,0.0362176880135655,0.0353746963395524,0.0344419985339188,0.0335504908676103,0
775,0.539907,50.9482,9.0075e-06,0.001711425,0.00171086598622394,0.00171086598622394,0.00170963968085003,0.00170667123774085,0.00170667123774085,0.00170656879582697,0.00169648819777467,0.00169066199859651,0.00169004336242714,0.00168778695953251,0.00168600434141677,0.00167742122683396,0.00167354119831207,0.00166947491007807,0.0016638703122029,0.00162849966944975,0.0015905952161902,0.00154865719773905,0.00150857126129409,0
1007,0.826327,49.5723,3.10338e-05,0.005896422,0.00589449601368599,0.00589449601368599,0.00589027098835011,0.00588004372554003,0.00588004372554003,0.00587969077945435,0.00584495980373018,0.00582488663136769,0.00582275522629937,0.00581498117621316,0.00580883947051453,0.00577926781785399,0.00576589984348346,0.00575189014314526,0.00573258046015459,0.0056107169627277,0.00548012365475476,0.00533563338808707,0.00519752415306673,0
985,0.727546,31.7249,4.13961e-05,0.007865259,0.00786268991976963,0.00786268991976963,0.00785705414292931,0.00784341195943867,0.00784341195943867,0.00784294116335641,0.00779661338705524,0.00776983770858741,0.00776699461952488,0.00775662478551248,0.00774843234168444,0.00770898660540009,0.0076911550152036,0.00767246742437778,0.00764671016719208,0.00748415599961243,0.00730995710562656,0.00711722100730787,0.00693299659058077,0
4926,0.0587289,5.93601,0.000208008,0.03952152,0.0395086108312484,0.0395086108312484,0.0394802920604221,0.0394117425278932,0.0394117425278932,0.0394093768617682,0.039176588070243,0.0390420450740009,0.0390277590598663,0.0389756524983001,0.0389344869330468,0.0387362791619516,0.0386466786098804,0.038552776807718,0.0384233511963033,0.0376065455723458,0.0367312272805209,0.0357627628517685,0.0348370681009449,0
682,0.166007,23.7332,0.000161542,0.03069298,0.0306829545541591,0.0306829545541591,0.03066096179005,0.0306077252386491,0.0306077252386491,0.0306058880283631,0.030425100909788,0.0303206128867364,0.0303095181629982,0.0302690514589842,0.0302370816898304,0.0300831506883388,0.0300135656128481,0.0299406401247662,0.0298401263362622,0.0292057833585625,0.0285259986026975,0.0277738752192242,0.0270549673818451,0
613,0.19487,30.1763,1.79692e-05,0.003414148,0.00341303281483822,0.00341303281483822,0.00341058643942607,0.00340466464670694,0.00340466464670694,0.00340446028376065,0.00338435034398586,0.00337272756982298,0.00337149344303368,0.00336699211026717,0.00336343593802788,0.00334631335101025,0.00333857302256001,0.00333046112175131,0.00331928042342897,0.00324871898532074,0.00317310280974355,0.00308944001305719,0.00300947196319132,0
773,0.278636,29.2972,1.90526e-05,0.003619994,0.00361881157803278,0.00361881157803278,0.00361621770561901,0.00360993887584582,0.00360993887584582,0.00360972219143746,0.0035883997820618,0.00357607624695642,0.0035747677121265,0.00356999498475593,0.00356622440358336,0.00354806946060247,0.00353986245184131,0.0035312614678605,0.00351940666225668,0.00344459093002036,0.0033644156998041,0.00327570870115383,0.00319091921320364,0
698,0.339092,22.0272,1.88542e-05,0.003582298,0.00358112789092017,0.00358112789092017,0.00357856102921816,0.00357234758263818,0.00357234758263818,0.00357213315462458,0.00355103278140252,0.00353883757468092,0.00353754266598655,0.0035328196383478,0.00352908832128115,0.00351112243074914,0.00350300088384296,0.0034944894642902,0.00348275810606006,0.00340872145076209,0.00332938110742085,0.00324159783931298,0.00315769128778141,0
1931,0.113464,21.2721,1.40892e-05,0.002676948,0.00267607361122469,0.00267607361122469,0.00267415546949011,0.00266951234002535,0.00266951234002535,0.0026693521041538,0.00265358440367326,0.00264447127733844,0.00264350362940977,0.00263997424704362,0.00263718594139207,0.00262376054944314,0.00261769155162459,0.0026113312132192,0.002602564707487,0.00254723924982642,0.0024879504990227,0.00242235259399224,0.00235965164747429,0
1714,0.796389,36.2917,2.09893e-05,0.003987967,0.0039866643846406,0.0039866643846406,0.00398380684465895,0.00397688977078145,0.00397688977078145,0.00397665106036648,0.00395316122448536,0.00393958499996023,0.00393814345234439,0.0039328855764325,0.00392873171504845,0.0039087313190548,0.00389969006647034,0.00389021479101878,0.00387715494242802,0.00379473417840485,0.00370640912252912,0.0036086850425206,0.00351527668883487,0
598,0.130316,7.17491,2.42845e-05,0.004614055,0.00461254788148269,0.00461254788148269,0.00460924172407466,0.00460123870917764,0.00460123870917764,0.00460096252259341,0.00457378491688693,0.00455807730279401,0.00455640944045096,0.00455032610810627,0.00454552011425318,0.00452237977053004,0.00451191909302354,0.00450095625354326,0.00448584608345173,0.00439048573108549,0.00428829414682998,0.0041752279454337,0.00406715501469846,0
630,0.945271,9.36127,3.77999e-05,0.007181981,0.00717963510326577,0.00717963510326577,0.00717448892280466,0.00716203187560146,0.00716203187560146,0.00716160197894865,0.00711929883175829,0.00709484923460986,0.00709225313299027,0.0070827841567175,0.00707530341439019,0.00703928444431874,0.00702300193639484,0.00700593779111409,0.00698241814201927,0.00683398552930711,0.00667491980155072,0.00649892725049309,0.00633070694641027,0
760,0.652175,30.9638,0.000219257,0.04165883,0.0416452227079104,0.0416452227079104,0.0416153724678473,0.0415431158005378,0.0415431158005378,0.0415406222000149,0.0412952442719379,0.0411534252374439,0.0411383666406537,0.0410834421744346,0.0410400503897881,0.0408311236116496,0.0407366774930125,0.0406376975141813,0.0405012726108989,0.0396402944240405,0.03871763922467,0.0376968005778154,0.0367210445781358,0
804,0.909486,27.6852,0.000156229,0.02968351,0.0296738142838501,0.0296738142838501,0.0296525448459083,0.0296010592063297,0.0296010592063297,0.0295992824205664,0.0294244412600765,0.0293233897728265,0.029312659946559,0.0292735241632866,0.0292426058568082,0.0290937375350589,0.0290264410625697,0.0289559140412531,0.0288587060788396,0.0282452261846756,0.0275877990596924,0.0268604124724479,0.0261651489959161,0
781,0.674265,8.63758,4.32157e-05,0.008210983,0.00820830099371169,0.00820830099371169,0.00820241749161371,0.00818817565460306,0.00818817565460306,0.0081876841642875,0.00813932001205338,0.00811136738637217,0.00810839932696561,0.00809757367827578,0.00808902112876653,0.00804784152234121,0.00802922612976909,0.00800971711034815,0.00798282767150342,0.00781312830030971,0.00763127234907699,0.00743006437527967,0.00723774222111652,0
2040,0.298979,7.73174,6.55492e-05,0.012454348,0.0124502799560578,0.0124502799560578,0.0124413559109603,0.012419754015756,0.012419754015756,0.0124190085274961,0.0123456501996749,0.0123032518987957,0.0122987499719577,0.0122823297216529,0.0122693572885258,0.0122068964176503,0.012178660751196,0.0121490696392661,0.0121082839709854,0.0118508854324392,0.0115750478984285,0.0112698573839619,0.0109781448038655,0
1733,0.76199,46.6575,1.7778e-06,0.000337782,0.000337671668088695,0.000337671668088695,0.000337429633595912,0.000336843755365604,0.000336843755365604,0.00033682353652192,0.000334833940383437,0.000333684030097683,0.000333561930582623,0.000333116586917224,0.000332764753613181,0.000331070714078869,0.000330304917275515,0.000329502358605251,0.000328396185515884,0.000321415122103555,0.000313933963401937,0.000305656704539605,0.000297744988990134,0
2513,0.0834441,5.41793,0.000169096,0.03212824,0.0321177457459366,0.0321177457459366,0.0320947245598686,0.0320389985697503,0.0320389985697503,0.0320370754481441,0.0318478343925513,0.0317384603180323,0.0317268467846773,0.0316844877834148,0.03165102304926,0.0314898939520084,0.0314170549508497,0.0313407193332847,0.0312355053358049,0.0305714993178213,0.029859926580838,0.0290726325294347,0.0283201072439396,0
1057,0.658659,10.2649,1.57219e-05,0.002987161,0.0029861852843535,0.0029861852843535,0.00298404486243198,0.00297886367278799,0.00297886367278799,0.00297868486828888,0.00296108995798985,0.00295092077443625,0.00294984099247775,0.00294590261438514,0.00294279119126509,0.00292781002344278,0.00292103773141744,0.00291394033735847,0.0029041579418732,0.00284242119934744,0.00277626188503145,0.00270306229221578,0.00263309536641016,0
697,0.800697,13.6421,2.04141e-05,0.003878679,0.00387741208208428,0.00387741208208428,0.00387463285138391,0.00386790533603835,0.00386790533603835,0.00386767316734848,0.00384482705725139,0.00383162288154861,0.00383022083873705,0.00382510705196698,0.00382106702482554,0.00380161472847196,0.0037928212463461,0.0037836056355065,0.00377090368474508,0.00369074161555528,0.00360483705832122,0.0035097910519417,0.00341894250182445,0
674,0.0490976,2.19321,8.57442e-05,0.016291398,0.0162860766356906,0.0162860766356906,0.0162744031887584,0.0162461459831361,0.0162461459831361,0.0162451708180013,0.0161492115823071,0.0160937508232095,0.0160878619013739,0.0160663827494363,0.0160494136498815,0.0159677092598275,0.0159307744897374,0.0158920666760717,0.0158387153842451,0.0155020151381886,0.0151411950414717,0.0147419786282961,0.0143603925553875,0
601,0.210222,3.72227,0.000127042,0.02413798,0.0241300956560491,0.0241300956560491,0.024112799815104,0.0240709328209906,0.0240709328209906,0.0240694879777352,0.0239273109765961,0.0238451381210878,0.0238364128614454,0.0238045884999089,0.0237794464104656,0.0236583899527549,0.0236036659357161,0.0235463149071483,0.0234672675218297,0.0229683991125435,0.022433793777989,0.021842298941456,0.0212769259147737,0
620,0.686157,42.2303,5.34971e-05,0.010164449,0.0101611289205241,0.0101611289205241,0.0101538456808662,0.0101362155839629,0.0101362155839629,0.010135607163723,0.0100757367488394,0.0100411339445038,0.0100374597573246,0.0100240585903754,0.0100134713131509,0.00996249471152474,0.00993945055123184,0.00991530016230226,0.00988201348642242,0.00967194112312189,0.00944682002109896,0.00919774287795348,0.00895966557008893,0
999,0.521246,49.6747,1.30356e-05,0.002476764,0.00247595499861458,0.00247595499861458,0.00247418029682915,0.00246988438375738,0.00246988438375738,0.00246973613043376,0.00245514754936569,0.00244671590884315,0.00244582062228757,0.0024425551695456,0.0024399753752953,0.00242755394332687,0.00242193878931078,0.00241605408135595,0.00240794314091059,0.00235675495876539,0.00230189986124552,0.00224120741236161,0.00218319528545382,0
850,0.22163,8.06948,0.000173114,0.03289166,0.0328809163851425,0.0328809163851425,0.0328573481777043,0.0328002980461025,0.0328002980461025,0.0327983292279534,0.0326045914925967,0.0324926185095794,0.0324807290195074,0.0324373634984747,0.0324031035870133,0.0322381457965178,0.0321635760204936,0.0320854265426873,0.0319777124870046,0.0312979285902997,0.0305694477108577,0.0297634462536107,0.0289930397255249,0
627,0.32862,23.3519,9.10081e-05,0.017291539,0.0172858909531909,0.0172858909531909,0.017273500864698,0.0172435089282756,0.0172435089282756,0.0172424738970303,0.0171406236527224,0.0170817581165108,0.0170755076693984,0.0170527098964008,0.0170346990512452,0.0169479787681185,0.016908776545113,0.0168676924300723,0.0168110658628913,0.0164536953391341,0.0160707242292045,0.0156469996244858,0.0152419876996923,0
1748,0.282855,9.00046,3.49657e-05,0.006643483,0.00664131299633755,0.00664131299633755,0.00663655267151793,0.00662502964168472,0.00662502964168472,0.00662463197826779,0.00658550068020314,0.00656288429023881,0.00656048284181169,0.00655172384023601,0.00654480399674452,0.00651148569426681,0.00649642403306361,0.00648063934091777,0.00645888317240001,0.00632157989365299,0.00617444076055973,0.00601164396103075,0.00585603665290378,0
1847,0.291262,10.365,4.16083e-05,0.007905577,0.00790299475044148,0.00790299475044148,0.00789733008412014,0.00788361796961337,0.00788361796961337,0.00788314476018955,0.0078365795036878,0.00780966657076917,0.00780680890778544,0.00779638591710425,0.00778815147809839,0.00774850353954766,0.0077305805430728,0.00771179715803513,0.00768590786691447,0.0075225204325691,0.0073474285799397,0.00715370449965983,0.00696853573258983,0
3921,0.0912769,2.77164,1.03964e-05,0.001975316,0.00197467078980612,0.00197467078980612,0.00197325539583561,0.0019698292374187,0.0019698292374187,0.00196971099960428,0.00195807603656337,0.00195135147401707,0.00195063744803082,0.00194803312196323,0.0019459756353156,0.00193606905830215,0.00193159075371986,0.00192689746934618,0.00192042867763378,0.00187960410363224,0.00183585502143767,0.0017874504235997,0.00174118348719599,0
759,0.389314,14.6471,0.000103075,0.01958425,0.0195778530702229,0.0195778530702229,0.0195638201613785,0.0195298515492798,0.0195298515492798,0.0195286792816947,0.0194133245612683,0.0193466539556298,0.0193395747523928,0.0193137541885999,0.019293355258566,0.0191951366034872,0.0191507364991415,0.0191042049798831,0.0190400702115253,0.018635315395896,0.018201565574111,0.0177216586907525,0.0172629456295186,0
718,0.123638,15.0451,0.000157832,0.02998808,0.0299782848001884,0.0299782848001884,0.0299567971254978,0.0299047832134458,0.0299047832134458,0.0299029881968318,0.0297263530647984,0.0296242647307782,0.0296134248102804,0.0295738874712112,0.0295426519250059,0.0293922561280775,0.0293242691548144,0.0292530184854224,0.029154813113029,0.0285350385599327,0.0278708658519825,0.0271360158571802,0.0264336185748064,0
